"['ch2_cla_l1_20210418T013330602_20210418T013338602.fits'
 'ch2_cla_l1_20210418T013338602_20210418T013346602.fits'
 'ch2_cla_l1_20210418T013346602_20210418T013354602.fits'
 'ch2_cla_l1_20210418T013354602_20210418T013402602.fits'
 'ch2_cla_l1_20210418T013402602_20210418T013410602.fits'
 'ch2_cla_l1_20210418T013410602_20210418T013418602.fits'
 'ch2_cla_l1_20210418T013418602_20210418T013426602.fits'
 'ch2_cla_l1_20210418T013426602_20210418T013434602.fits'
 'ch2_cla_l1_20210418T013434602_20210418T013442602.fits'
 'ch2_cla_l1_20210418T013442602_20210418T013450602.fits'
 'ch2_cla_l1_20210418T013450602_20210418T013458602.fits'
 'ch2_cla_l1_20210418T013458602_20210418T013506602.fits'
 'ch2_cla_l1_20210418T013506602_20210418T013514602.fits'
 'ch2_cla_l1_20210418T013514602_20210418T013522602.fits'
 'ch2_cla_l1_20210418T013522602_20210418T013530602.fits'
 'ch2_cla_l1_20210418T013530602_20210418T013538602.fits'
 'ch2_cla_l1_20210418T013538602_20210418T013546602.fits'
 'ch2_cla_l1_20210418T013546602_20210418T013554602.fits'
 'ch2_cla_l1_20210418T013554602_20210418T013602602.fits'
 'ch2_cla_l1_20210418T013602602_20210418T013610602.fits'
 'ch2_cla_l1_20210418T013610602_20210418T013618602.fits'
 'ch2_cla_l1_20210418T013618602_20210418T013626602.fits'
 'ch2_cla_l1_20210418T013626602_20210418T013634602.fits'
 'ch2_cla_l1_20210418T013634602_20210418T013642602.fits'
 'ch2_cla_l1_20210418T013642602_20210418T013650602.fits'
 'ch2_cla_l1_20210418T013650602_20210418T013658602.fits'
 'ch2_cla_l1_20210418T013658602_20210418T013706602.fits'
 'ch2_cla_l1_20210418T013706602_20210418T013714602.fits'
 'ch2_cla_l1_20210418T013714602_20210418T013722602.fits'
 'ch2_cla_l1_20210418T013722602_20210418T013730602.fits'
 'ch2_cla_l1_20210418T013730602_20210418T013738602.fits'
 'ch2_cla_l1_20210418T013738602_20210418T013746602.fits'
 'ch2_cla_l1_20210418T013746602_20210418T013754602.fits'
 'ch2_cla_l1_20210418T013754602_20210418T013802602.fits'
 'ch2_cla_l1_20210418T013802602_20210418T013810602.fits'
 'ch2_cla_l1_20210418T013810602_20210418T013818602.fits'
 'ch2_cla_l1_20210418T013818602_20210418T013826602.fits'
 'ch2_cla_l1_20210418T013826602_20210418T013834602.fits'
 'ch2_cla_l1_20210418T013834602_20210418T013842602.fits'
 'ch2_cla_l1_20210418T013842602_20210418T013850602.fits'
 'ch2_cla_l1_20210418T013850602_20210418T013858602.fits'
 'ch2_cla_l1_20210418T013858602_20210418T013906602.fits'
 'ch2_cla_l1_20210418T013906602_20210418T013914602.fits'
 'ch2_cla_l1_20210418T013914602_20210418T013922602.fits'
 'ch2_cla_l1_20210418T013922602_20210418T013930602.fits'
 'ch2_cla_l1_20210418T013930602_20210418T013938602.fits'
 'ch2_cla_l1_20210418T013938602_20210418T013946602.fits'
 'ch2_cla_l1_20210418T013946602_20210418T013954602.fits'
 'ch2_cla_l1_20210418T013954602_20210418T014002602.fits'
 'ch2_cla_l1_20210418T014002602_20210418T014010602.fits'
 'ch2_cla_l1_20210418T014010602_20210418T014018602.fits'
 'ch2_cla_l1_20210418T014018602_20210418T014026602.fits'
 'ch2_cla_l1_20210418T014026602_20210418T014034602.fits'
 'ch2_cla_l1_20210418T014034602_20210418T014042602.fits'
 'ch2_cla_l1_20210418T014042602_20210418T014050602.fits'
 'ch2_cla_l1_20210418T014050602_20210418T014058602.fits'
 'ch2_cla_l1_20210418T014058602_20210418T014106602.fits'
 'ch2_cla_l1_20210418T014106602_20210418T014114602.fits'
 'ch2_cla_l1_20210418T014114602_20210418T014122602.fits'
 'ch2_cla_l1_20210418T014122602_20210418T014130602.fits'
 'ch2_cla_l1_20210418T014130602_20210418T014138602.fits'
 'ch2_cla_l1_20210418T014138602_20210418T014146602.fits'
 'ch2_cla_l1_20210418T014146602_20210418T014154602.fits'
 'ch2_cla_l1_20210418T014154602_20210418T014202602.fits'
 'ch2_cla_l1_20210418T014202602_20210418T014210602.fits'
 'ch2_cla_l1_20210418T014210602_20210418T014218602.fits'
 'ch2_cla_l1_20210418T014218602_20210418T014226602.fits'
 'ch2_cla_l1_20210418T014226602_20210418T014234602.fits'
 'ch2_cla_l1_20210418T014234602_20210418T014242602.fits'
 'ch2_cla_l1_20210418T014242602_20210418T014250602.fits'
 'ch2_cla_l1_20210418T014250602_20210418T014258602.fits'
 'ch2_cla_l1_20210418T014258602_20210418T014306602.fits'
 'ch2_cla_l1_20210418T014306602_20210418T014314602.fits'
 'ch2_cla_l1_20210418T014314602_20210418T014322602.fits'
 'ch2_cla_l1_20210418T014322602_20210418T014330602.fits'
 'ch2_cla_l1_20210418T014330602_20210418T014338602.fits'
 'ch2_cla_l1_20210418T014338602_20210418T014346602.fits'
 'ch2_cla_l1_20210418T014346602_20210418T014354602.fits'
 'ch2_cla_l1_20210418T014354602_20210418T014402602.fits'
 'ch2_cla_l1_20210418T014402602_20210418T014410602.fits'
 'ch2_cla_l1_20210418T014410602_20210418T014418602.fits'
 'ch2_cla_l1_20210418T014418602_20210418T014426602.fits'
 'ch2_cla_l1_20210418T014426602_20210418T014434602.fits'
 'ch2_cla_l1_20210418T014434602_20210418T014442602.fits'
 'ch2_cla_l1_20210418T014442602_20210418T014450602.fits'
 'ch2_cla_l1_20210418T014450602_20210418T014458602.fits'
 'ch2_cla_l1_20210418T014458602_20210418T014506602.fits'
 'ch2_cla_l1_20210418T014506602_20210418T014514602.fits'
 'ch2_cla_l1_20210418T014514602_20210418T014522602.fits'
 'ch2_cla_l1_20210418T014522602_20210418T014530602.fits'
 'ch2_cla_l1_20210418T014530602_20210418T014538602.fits'
 'ch2_cla_l1_20210418T014538602_20210418T014546602.fits'
 'ch2_cla_l1_20210418T014546602_20210418T014554602.fits'
 'ch2_cla_l1_20210418T014554602_20210418T014602602.fits'
 'ch2_cla_l1_20210418T014602602_20210418T014610602.fits'
 'ch2_cla_l1_20210418T014610602_20210418T014618602.fits'
 'ch2_cla_l1_20210418T014618602_20210418T014626602.fits'
 'ch2_cla_l1_20210418T014626602_20210418T014634602.fits'
 'ch2_cla_l1_20210418T014634602_20210418T014642602.fits'
 'ch2_cla_l1_20210418T014642602_20210418T014650602.fits'
 'ch2_cla_l1_20210418T014650602_20210418T014658602.fits'
 'ch2_cla_l1_20210418T014658602_20210418T014706602.fits'
 'ch2_cla_l1_20210418T014706602_20210418T014714602.fits'
 'ch2_cla_l1_20210418T014714602_20210418T014722602.fits'
 'ch2_cla_l1_20210418T014722602_20210418T014730602.fits'
 'ch2_cla_l1_20210418T014730602_20210418T014738602.fits'
 'ch2_cla_l1_20210418T014738602_20210418T014746602.fits'
 'ch2_cla_l1_20210418T014746602_20210418T014754602.fits'
 'ch2_cla_l1_20210418T014754602_20210418T014802602.fits'
 'ch2_cla_l1_20210418T014802602_20210418T014810602.fits'
 'ch2_cla_l1_20210418T014810602_20210418T014818602.fits'
 'ch2_cla_l1_20210418T014818602_20210418T014826602.fits'
 'ch2_cla_l1_20210418T014826602_20210418T014834602.fits'
 'ch2_cla_l1_20210418T014834602_20210418T014842602.fits'
 'ch2_cla_l1_20210418T014842602_20210418T014850602.fits'
 'ch2_cla_l1_20210418T014850602_20210418T014858602.fits'
 'ch2_cla_l1_20210418T014858602_20210418T014906602.fits'
 'ch2_cla_l1_20210418T014906602_20210418T014914602.fits'
 'ch2_cla_l1_20210418T014914602_20210418T014922602.fits'
 'ch2_cla_l1_20210418T014922602_20210418T014930602.fits'
 'ch2_cla_l1_20210418T014930602_20210418T014938602.fits'
 'ch2_cla_l1_20210418T014938602_20210418T014946602.fits'
 'ch2_cla_l1_20210418T014946602_20210418T014954602.fits'
 'ch2_cla_l1_20210418T014954602_20210418T015002602.fits'
 'ch2_cla_l1_20210418T015002602_20210418T015010602.fits'
 'ch2_cla_l1_20210418T015010602_20210418T015018602.fits'
 'ch2_cla_l1_20210418T015018602_20210418T015026602.fits'
 'ch2_cla_l1_20210418T015026602_20210418T015034602.fits'
 'ch2_cla_l1_20210418T015034602_20210418T015042602.fits'
 'ch2_cla_l1_20210418T015042602_20210418T015050602.fits'
 'ch2_cla_l1_20210418T015050602_20210418T015058602.fits'
 'ch2_cla_l1_20210418T015058602_20210418T015106602.fits'
 'ch2_cla_l1_20210418T015106602_20210418T015114602.fits'
 'ch2_cla_l1_20210418T015114602_20210418T015122602.fits'
 'ch2_cla_l1_20210418T015122602_20210418T015130602.fits'
 'ch2_cla_l1_20210418T015130602_20210418T015138602.fits'
 'ch2_cla_l1_20210418T015138602_20210418T015146602.fits'
 'ch2_cla_l1_20210418T015146602_20210418T015154602.fits'
 'ch2_cla_l1_20210418T015154602_20210418T015202602.fits'
 'ch2_cla_l1_20210418T015202602_20210418T015210602.fits'
 'ch2_cla_l1_20210418T015210602_20210418T015218602.fits'
 'ch2_cla_l1_20210418T015218602_20210418T015226602.fits'
 'ch2_cla_l1_20210418T015226602_20210418T015234602.fits'
 'ch2_cla_l1_20210418T015234602_20210418T015242602.fits'
 'ch2_cla_l1_20210418T015242602_20210418T015250602.fits'
 'ch2_cla_l1_20210418T015250602_20210418T015258602.fits'
 'ch2_cla_l1_20210418T015258602_20210418T015306602.fits'
 'ch2_cla_l1_20210418T015306602_20210418T015314602.fits'
 'ch2_cla_l1_20210418T015314602_20210418T015322602.fits'
 'ch2_cla_l1_20210418T015322602_20210418T015330602.fits'
 'ch2_cla_l1_20210418T015330602_20210418T015338602.fits'
 'ch2_cla_l1_20210418T015338602_20210418T015346602.fits'
 'ch2_cla_l1_20210418T015346602_20210418T015354602.fits'
 'ch2_cla_l1_20210418T015354602_20210418T015402602.fits'
 'ch2_cla_l1_20210418T015402602_20210418T015410602.fits'
 'ch2_cla_l1_20210418T015410602_20210418T015418602.fits'
 'ch2_cla_l1_20210418T015418602_20210418T015426602.fits'
 'ch2_cla_l1_20210418T015426602_20210418T015434602.fits'
 'ch2_cla_l1_20210418T015434602_20210418T015442602.fits'
 'ch2_cla_l1_20210418T015442602_20210418T015450602.fits'
 'ch2_cla_l1_20210418T015450602_20210418T015458602.fits'
 'ch2_cla_l1_20210418T015458602_20210418T015506602.fits'
 'ch2_cla_l1_20210418T015506602_20210418T015514602.fits'
 'ch2_cla_l1_20210418T015514602_20210418T015522602.fits'
 'ch2_cla_l1_20210418T015522602_20210418T015530602.fits'
 'ch2_cla_l1_20210418T015530602_20210418T015538602.fits'
 'ch2_cla_l1_20210418T015538602_20210418T015546602.fits'
 'ch2_cla_l1_20210418T015546602_20210418T015554602.fits'
 'ch2_cla_l1_20210418T015554602_20210418T015602602.fits'
 'ch2_cla_l1_20210418T015602602_20210418T015610602.fits'
 'ch2_cla_l1_20210418T015610602_20210418T015618602.fits'
 'ch2_cla_l1_20210418T015618602_20210418T015626602.fits'
 'ch2_cla_l1_20210418T015626602_20210418T015634602.fits'
 'ch2_cla_l1_20210418T015634602_20210418T015642602.fits'
 'ch2_cla_l1_20210418T015642602_20210418T015650602.fits'
 'ch2_cla_l1_20210418T015650602_20210418T015658602.fits'
 'ch2_cla_l1_20210418T015658602_20210418T015706602.fits'
 'ch2_cla_l1_20210418T015706602_20210418T015714602.fits'
 'ch2_cla_l1_20210418T015714602_20210418T015722602.fits'
 'ch2_cla_l1_20210418T015722602_20210418T015730602.fits'
 'ch2_cla_l1_20210418T015730602_20210418T015738602.fits'
 'ch2_cla_l1_20210418T015738602_20210418T015746602.fits'
 'ch2_cla_l1_20210418T015746602_20210418T015754602.fits'
 'ch2_cla_l1_20210418T015754602_20210418T015802602.fits'
 'ch2_cla_l1_20210418T015802602_20210418T015810602.fits'
 'ch2_cla_l1_20210418T015810602_20210418T015818602.fits'
 'ch2_cla_l1_20210418T015818602_20210418T015826602.fits'
 'ch2_cla_l1_20210418T015826602_20210418T015834602.fits'
 'ch2_cla_l1_20210418T015834602_20210418T015842602.fits'
 'ch2_cla_l1_20210418T015842602_20210418T015850602.fits'
 'ch2_cla_l1_20210418T015850602_20210418T015858602.fits'
 'ch2_cla_l1_20210418T015858602_20210418T015906602.fits'
 'ch2_cla_l1_20210418T015906602_20210418T015914602.fits'
 'ch2_cla_l1_20210418T015914602_20210418T015922602.fits'
 'ch2_cla_l1_20210418T015922602_20210418T015930602.fits'
 'ch2_cla_l1_20210418T015930602_20210418T015938602.fits'
 'ch2_cla_l1_20210418T015938602_20210418T015946602.fits'
 'ch2_cla_l1_20210418T015946602_20210418T015954602.fits'
 'ch2_cla_l1_20210418T015954602_20210418T020002602.fits'
 'ch2_cla_l1_20210418T020002602_20210418T020010602.fits'
 'ch2_cla_l1_20210418T020010602_20210418T020018602.fits'
 'ch2_cla_l1_20210418T020018602_20210418T020026602.fits'
 'ch2_cla_l1_20210418T020026602_20210418T020034602.fits'
 'ch2_cla_l1_20210418T020034602_20210418T020042602.fits'
 'ch2_cla_l1_20210418T020042602_20210418T020050602.fits'
 'ch2_cla_l1_20210418T020050602_20210418T020058602.fits'
 'ch2_cla_l1_20210418T020058602_20210418T020106602.fits'
 'ch2_cla_l1_20210418T020106602_20210418T020114602.fits'
 'ch2_cla_l1_20210418T020114602_20210418T020122602.fits'
 'ch2_cla_l1_20210418T020122602_20210418T020130602.fits'
 'ch2_cla_l1_20210418T020130602_20210418T020138602.fits'
 'ch2_cla_l1_20210418T020138602_20210418T020146602.fits'
 'ch2_cla_l1_20210418T020146602_20210418T020154602.fits'
 'ch2_cla_l1_20210418T020154602_20210418T020202602.fits'
 'ch2_cla_l1_20210418T020202602_20210418T020210602.fits'
 'ch2_cla_l1_20210418T020210602_20210418T020218602.fits'
 'ch2_cla_l1_20210418T020218602_20210418T020226602.fits'
 'ch2_cla_l1_20210418T020226602_20210418T020234602.fits'
 'ch2_cla_l1_20210418T020234602_20210418T020242602.fits'
 'ch2_cla_l1_20210418T020242602_20210418T020250602.fits'
 'ch2_cla_l1_20210418T020250602_20210418T020258602.fits'
 'ch2_cla_l1_20210418T020258602_20210418T020306602.fits'
 'ch2_cla_l1_20210418T020306602_20210418T020314602.fits'
 'ch2_cla_l1_20210418T020314602_20210418T020322602.fits'
 'ch2_cla_l1_20210418T020322602_20210418T020330602.fits'
 'ch2_cla_l1_20210418T020330602_20210418T020338602.fits'
 'ch2_cla_l1_20210418T020338602_20210418T020346602.fits'
 'ch2_cla_l1_20210418T020346602_20210418T020354602.fits'
 'ch2_cla_l1_20210418T020354602_20210418T020402602.fits'
 'ch2_cla_l1_20210418T020402602_20210418T020410602.fits'
 'ch2_cla_l1_20210418T020410602_20210418T020418602.fits'
 'ch2_cla_l1_20210418T020418602_20210418T020426602.fits'
 'ch2_cla_l1_20210418T020426602_20210418T020434602.fits'
 'ch2_cla_l1_20210418T020434602_20210418T020442602.fits'
 'ch2_cla_l1_20210418T020442602_20210418T020450602.fits'
 'ch2_cla_l1_20210418T020450602_20210418T020458602.fits'
 'ch2_cla_l1_20210418T020458602_20210418T020506602.fits'
 'ch2_cla_l1_20210418T020506602_20210418T020514602.fits'
 'ch2_cla_l1_20210418T020514602_20210418T020522602.fits'
 'ch2_cla_l1_20210418T020522602_20210418T020530602.fits'
 'ch2_cla_l1_20210418T020530602_20210418T020538602.fits'
 'ch2_cla_l1_20210418T020538602_20210418T020546602.fits'
 'ch2_cla_l1_20210418T020546602_20210418T020554602.fits'
 'ch2_cla_l1_20210418T020554602_20210418T020602602.fits'
 'ch2_cla_l1_20210418T020602602_20210418T020610602.fits'
 'ch2_cla_l1_20210418T020610602_20210418T020618602.fits'
 'ch2_cla_l1_20210418T020618602_20210418T020626602.fits'
 'ch2_cla_l1_20210418T020626602_20210418T020634602.fits'
 'ch2_cla_l1_20210418T020634602_20210418T020642602.fits'
 'ch2_cla_l1_20210418T020642602_20210418T020650602.fits'
 'ch2_cla_l1_20210418T020650602_20210418T020658602.fits'
 'ch2_cla_l1_20210418T020658602_20210418T020706602.fits'
 'ch2_cla_l1_20210418T020706602_20210418T020714602.fits'
 'ch2_cla_l1_20210418T020714602_20210418T020722602.fits'
 'ch2_cla_l1_20210418T020722602_20210418T020730602.fits'
 'ch2_cla_l1_20210418T020730602_20210418T020738602.fits'
 'ch2_cla_l1_20210418T020738602_20210418T020746602.fits'
 'ch2_cla_l1_20210418T020746602_20210418T020754602.fits'
 'ch2_cla_l1_20210418T020754602_20210418T020802602.fits'
 'ch2_cla_l1_20210418T020802602_20210418T020810602.fits'
 'ch2_cla_l1_20210418T020810602_20210418T020818602.fits'
 'ch2_cla_l1_20210418T020818602_20210418T020826602.fits'
 'ch2_cla_l1_20210418T020826602_20210418T020834602.fits'
 'ch2_cla_l1_20210418T020834602_20210418T020842602.fits'
 'ch2_cla_l1_20210418T020842602_20210418T020850602.fits'
 'ch2_cla_l1_20210418T020850602_20210418T020858602.fits'
 'ch2_cla_l1_20210418T020858602_20210418T020906602.fits'
 'ch2_cla_l1_20210418T020906602_20210418T020914602.fits'
 'ch2_cla_l1_20210418T020914602_20210418T020922602.fits'
 'ch2_cla_l1_20210418T020922602_20210418T020930602.fits'
 'ch2_cla_l1_20210418T020930602_20210418T020938602.fits'
 'ch2_cla_l1_20210418T020938602_20210418T020946602.fits'
 'ch2_cla_l1_20210418T020946602_20210418T020954602.fits'
 'ch2_cla_l1_20210418T020954602_20210418T021002602.fits'
 'ch2_cla_l1_20210418T021002602_20210418T021010602.fits'
 'ch2_cla_l1_20210418T021010602_20210418T021018602.fits'
 'ch2_cla_l1_20210418T021018602_20210418T021026602.fits'
 'ch2_cla_l1_20210418T021026602_20210418T021034602.fits'
 'ch2_cla_l1_20210418T021034602_20210418T021042602.fits'
 'ch2_cla_l1_20210418T021042602_20210418T021050602.fits'
 'ch2_cla_l1_20210418T021050602_20210418T021058602.fits'
 'ch2_cla_l1_20210418T021058602_20210418T021106602.fits'
 'ch2_cla_l1_20210418T021106602_20210418T021114602.fits'
 'ch2_cla_l1_20210418T021114602_20210418T021122602.fits'
 'ch2_cla_l1_20210418T021122602_20210418T021130602.fits'
 'ch2_cla_l1_20210418T021130602_20210418T021138602.fits'
 'ch2_cla_l1_20210418T021138602_20210418T021146602.fits'
 'ch2_cla_l1_20210418T021146602_20210418T021154602.fits'
 'ch2_cla_l1_20210418T021154602_20210418T021202602.fits'
 'ch2_cla_l1_20210418T021202602_20210418T021210602.fits'
 'ch2_cla_l1_20210418T021210602_20210418T021218602.fits'
 'ch2_cla_l1_20210418T021218602_20210418T021226602.fits'
 'ch2_cla_l1_20210418T021226602_20210418T021234602.fits'
 'ch2_cla_l1_20210418T021234602_20210418T021242602.fits'
 'ch2_cla_l1_20210418T021242602_20210418T021250602.fits'
 'ch2_cla_l1_20210418T021250602_20210418T021258602.fits'
 'ch2_cla_l1_20210418T021258602_20210418T021306602.fits'
 'ch2_cla_l1_20210418T021306602_20210418T021314602.fits'
 'ch2_cla_l1_20210418T021314602_20210418T021322602.fits'
 'ch2_cla_l1_20210418T021322602_20210418T021330602.fits'
 'ch2_cla_l1_20210418T021330602_20210418T021338602.fits'
 'ch2_cla_l1_20210418T021338602_20210418T021346602.fits'
 'ch2_cla_l1_20210418T021346602_20210418T021354602.fits'
 'ch2_cla_l1_20210418T021354602_20210418T021402602.fits'
 'ch2_cla_l1_20210418T021402602_20210418T021410602.fits'
 'ch2_cla_l1_20210418T021410602_20210418T021418602.fits'
 'ch2_cla_l1_20210418T021418602_20210418T021426602.fits'
 'ch2_cla_l1_20210418T021426602_20210418T021434602.fits'
 'ch2_cla_l1_20210418T021434602_20210418T021442602.fits'
 'ch2_cla_l1_20210418T021442602_20210418T021450602.fits'
 'ch2_cla_l1_20210418T021450602_20210418T021458602.fits'
 'ch2_cla_l1_20210418T021458602_20210418T021506602.fits'
 'ch2_cla_l1_20210418T021506602_20210418T021514602.fits'
 'ch2_cla_l1_20210418T021514602_20210418T021522602.fits'
 'ch2_cla_l1_20210418T021522602_20210418T021530602.fits'
 'ch2_cla_l1_20210418T021530602_20210418T021538602.fits'
 'ch2_cla_l1_20210418T021538602_20210418T021546602.fits'
 'ch2_cla_l1_20210418T021546602_20210418T021554602.fits'
 'ch2_cla_l1_20210418T021554602_20210418T021602602.fits'
 'ch2_cla_l1_20210418T021602602_20210418T021610602.fits'
 'ch2_cla_l1_20210418T021610602_20210418T021618602.fits'
 'ch2_cla_l1_20210418T021618602_20210418T021626602.fits'
 'ch2_cla_l1_20210418T021626602_20210418T021634602.fits'
 'ch2_cla_l1_20210418T021634602_20210418T021642602.fits'
 'ch2_cla_l1_20210418T021642602_20210418T021650602.fits'
 'ch2_cla_l1_20210418T021650602_20210418T021658602.fits'
 'ch2_cla_l1_20210418T021658602_20210418T021706602.fits'
 'ch2_cla_l1_20210418T021706602_20210418T021714602.fits'
 'ch2_cla_l1_20210418T021714602_20210418T021722602.fits'
 'ch2_cla_l1_20210418T021722602_20210418T021730602.fits'
 'ch2_cla_l1_20210418T021730602_20210418T021738602.fits'
 'ch2_cla_l1_20210418T021738602_20210418T021746602.fits'
 'ch2_cla_l1_20210418T021746602_20210418T021754602.fits'
 'ch2_cla_l1_20210418T021754602_20210418T021802602.fits'
 'ch2_cla_l1_20210418T021802602_20210418T021810602.fits'
 'ch2_cla_l1_20210418T021810602_20210418T021818602.fits'
 'ch2_cla_l1_20210418T021818602_20210418T021826602.fits'
 'ch2_cla_l1_20210418T021826602_20210418T021834602.fits'
 'ch2_cla_l1_20210418T021834602_20210418T021842602.fits'
 'ch2_cla_l1_20210418T021842602_20210418T021850602.fits'
 'ch2_cla_l1_20210418T021850602_20210418T021858602.fits'
 'ch2_cla_l1_20210418T021858602_20210418T021906602.fits'
 'ch2_cla_l1_20210418T021906602_20210418T021914602.fits'
 'ch2_cla_l1_20210418T021914602_20210418T021922602.fits'
 'ch2_cla_l1_20210418T021922602_20210418T021930602.fits'
 'ch2_cla_l1_20210418T021930602_20210418T021938602.fits'
 'ch2_cla_l1_20210418T021938602_20210418T021946602.fits'
 'ch2_cla_l1_20210418T021946602_20210418T021954602.fits'
 'ch2_cla_l1_20210418T021954602_20210418T022002602.fits'
 'ch2_cla_l1_20210418T022002602_20210418T022010602.fits'
 'ch2_cla_l1_20210418T022010602_20210418T022018602.fits'
 'ch2_cla_l1_20210418T022018602_20210418T022026602.fits'
 'ch2_cla_l1_20210418T022026602_20210418T022034602.fits'
 'ch2_cla_l1_20210418T022034602_20210418T022042602.fits'
 'ch2_cla_l1_20210418T022042602_20210418T022050602.fits'
 'ch2_cla_l1_20210418T022050602_20210418T022058602.fits'
 'ch2_cla_l1_20210418T022058602_20210418T022106602.fits'
 'ch2_cla_l1_20210418T022106602_20210418T022114602.fits'
 'ch2_cla_l1_20210418T022114602_20210418T022122602.fits'
 'ch2_cla_l1_20210418T022122602_20210418T022130602.fits'
 'ch2_cla_l1_20210418T022130602_20210418T022138602.fits'
 'ch2_cla_l1_20210418T022138602_20210418T022146602.fits'
 'ch2_cla_l1_20210418T022146602_20210418T022154602.fits'
 'ch2_cla_l1_20210418T022154602_20210418T022202602.fits'
 'ch2_cla_l1_20210418T022202602_20210418T022210602.fits'
 'ch2_cla_l1_20210418T022210602_20210418T022218602.fits'
 'ch2_cla_l1_20210418T022218602_20210418T022226602.fits'
 'ch2_cla_l1_20210418T022226602_20210418T022234602.fits'
 'ch2_cla_l1_20210418T022234602_20210418T022242602.fits'
 'ch2_cla_l1_20210418T022242602_20210418T022250602.fits'
 'ch2_cla_l1_20210418T022250602_20210418T022258602.fits'
 'ch2_cla_l1_20210418T022258602_20210418T022306602.fits'
 'ch2_cla_l1_20210418T022306602_20210418T022314602.fits'
 'ch2_cla_l1_20210418T022314602_20210418T022322602.fits'
 'ch2_cla_l1_20210418T022322602_20210418T022330602.fits'
 'ch2_cla_l1_20210418T022330602_20210418T022338602.fits'
 'ch2_cla_l1_20210418T022338602_20210418T022346602.fits'
 'ch2_cla_l1_20210418T022346602_20210418T022354602.fits'
 'ch2_cla_l1_20210418T022354602_20210418T022402602.fits'
 'ch2_cla_l1_20210418T022402602_20210418T022410602.fits'
 'ch2_cla_l1_20210418T022410602_20210418T022418602.fits'
 'ch2_cla_l1_20210418T022418602_20210418T022426602.fits'
 'ch2_cla_l1_20210418T022426602_20210418T022434602.fits'
 'ch2_cla_l1_20210418T022434602_20210418T022442602.fits'
 'ch2_cla_l1_20210418T022442602_20210418T022450602.fits'
 'ch2_cla_l1_20210418T022450602_20210418T022458602.fits'
 'ch2_cla_l1_20210418T022458602_20210418T022506602.fits'
 'ch2_cla_l1_20210418T022506602_20210418T022514602.fits'
 'ch2_cla_l1_20210418T022514602_20210418T022522602.fits'
 'ch2_cla_l1_20210418T022522602_20210418T022530602.fits'
 'ch2_cla_l1_20210418T022530602_20210418T022538602.fits'
 'ch2_cla_l1_20210418T022538602_20210418T022546602.fits'
 'ch2_cla_l1_20210418T022546602_20210418T022554602.fits'
 'ch2_cla_l1_20210418T022554602_20210418T022602602.fits'
 'ch2_cla_l1_20210418T022602602_20210418T022610602.fits'
 'ch2_cla_l1_20210418T022610602_20210418T022618602.fits'
 'ch2_cla_l1_20210418T022618602_20210418T022626602.fits'
 'ch2_cla_l1_20210418T022626602_20210418T022634602.fits'
 'ch2_cla_l1_20210418T022634602_20210418T022642602.fits'
 'ch2_cla_l1_20210418T022642602_20210418T022650602.fits'
 'ch2_cla_l1_20210418T022650602_20210418T022658602.fits'
 'ch2_cla_l1_20210418T022658602_20210418T022706602.fits'
 'ch2_cla_l1_20210418T022706602_20210418T022714602.fits'
 'ch2_cla_l1_20210418T022714602_20210418T022722602.fits'
 'ch2_cla_l1_20210418T022722602_20210418T022730602.fits'
 'ch2_cla_l1_20210418T022730602_20210418T022738602.fits'
 'ch2_cla_l1_20210418T022738602_20210418T022746602.fits'
 'ch2_cla_l1_20210418T022746602_20210418T022754602.fits'
 'ch2_cla_l1_20210418T022754602_20210418T022802602.fits'
 'ch2_cla_l1_20210418T022802602_20210418T022810602.fits'
 'ch2_cla_l1_20210418T022810602_20210418T022818602.fits'
 'ch2_cla_l1_20210418T022818602_20210418T022826602.fits'
 'ch2_cla_l1_20210418T022826602_20210418T022834602.fits'
 'ch2_cla_l1_20210418T022834602_20210418T022842602.fits'
 'ch2_cla_l1_20210418T022842602_20210418T022850602.fits'
 'ch2_cla_l1_20210418T022850602_20210418T022858602.fits'
 'ch2_cla_l1_20210418T022858602_20210418T022906602.fits'
 'ch2_cla_l1_20210418T022906602_20210418T022914602.fits'
 'ch2_cla_l1_20210418T022914602_20210418T022922602.fits'
 'ch2_cla_l1_20210418T022922602_20210418T022930602.fits'
 'ch2_cla_l1_20210418T022930602_20210418T022938602.fits'
 'ch2_cla_l1_20210418T022938602_20210418T022946602.fits'
 'ch2_cla_l1_20210418T022946602_20210418T022954602.fits'
 'ch2_cla_l1_20210418T022954602_20210418T023002602.fits'
 'ch2_cla_l1_20210418T023002602_20210418T023010602.fits'
 'ch2_cla_l1_20210418T023010602_20210418T023018602.fits'
 'ch2_cla_l1_20210418T023018602_20210418T023026602.fits'
 'ch2_cla_l1_20210418T023026602_20210418T023034602.fits'
 'ch2_cla_l1_20210418T023034602_20210418T023042602.fits'
 'ch2_cla_l1_20210418T023042602_20210418T023050602.fits'
 'ch2_cla_l1_20210418T023050602_20210418T023058602.fits'
 'ch2_cla_l1_20210418T023058602_20210418T023106602.fits'
 'ch2_cla_l1_20210418T023106602_20210418T023114602.fits'
 'ch2_cla_l1_20210418T023114602_20210418T023122602.fits'
 'ch2_cla_l1_20210418T023122602_20210418T023130602.fits'
 'ch2_cla_l1_20210418T023130602_20210418T023138602.fits'
 'ch2_cla_l1_20210418T023138602_20210418T023146602.fits'
 'ch2_cla_l1_20210418T023146602_20210418T023154602.fits'
 'ch2_cla_l1_20210418T023154602_20210418T023202602.fits'
 'ch2_cla_l1_20210418T023202602_20210418T023210602.fits'
 'ch2_cla_l1_20210418T023210602_20210418T023218602.fits'
 'ch2_cla_l1_20210418T023218602_20210418T023226602.fits'
 'ch2_cla_l1_20210418T023226602_20210418T023234602.fits'
 'ch2_cla_l1_20210418T023234602_20210418T023242602.fits'
 'ch2_cla_l1_20210418T023242602_20210418T023250602.fits']","['ch2_cla_l1_20210418T005118674_20210418T005124643.fits'
 'ch2_cla_l1_20210418T011722602_20210418T011730602.fits'
 'ch2_cla_l1_20210418T011730602_20210418T011738602.fits'
 'ch2_cla_l1_20210418T011738602_20210418T011746602.fits'
 'ch2_cla_l1_20210418T011746602_20210418T011754602.fits'
 'ch2_cla_l1_20210418T011754602_20210418T011802602.fits'
 'ch2_cla_l1_20210418T011802602_20210418T011810602.fits'
 'ch2_cla_l1_20210418T011810602_20210418T011818602.fits'
 'ch2_cla_l1_20210418T011818602_20210418T011826602.fits'
 'ch2_cla_l1_20210418T011826602_20210418T011834602.fits'
 'ch2_cla_l1_20210418T011834602_20210418T011842602.fits'
 'ch2_cla_l1_20210418T011842602_20210418T011850602.fits'
 'ch2_cla_l1_20210418T011850602_20210418T011858602.fits'
 'ch2_cla_l1_20210418T011858602_20210418T011906602.fits'
 'ch2_cla_l1_20210418T011906602_20210418T011914602.fits'
 'ch2_cla_l1_20210418T011914602_20210418T011922602.fits'
 'ch2_cla_l1_20210418T011922602_20210418T011930602.fits'
 'ch2_cla_l1_20210418T011930602_20210418T011938602.fits'
 'ch2_cla_l1_20210418T011938602_20210418T011946602.fits'
 'ch2_cla_l1_20210418T011946602_20210418T011954602.fits'
 'ch2_cla_l1_20210418T011954602_20210418T012002602.fits'
 'ch2_cla_l1_20210418T012002602_20210418T012010602.fits'
 'ch2_cla_l1_20210418T012010602_20210418T012018602.fits'
 'ch2_cla_l1_20210418T012018602_20210418T012026602.fits'
 'ch2_cla_l1_20210418T012026602_20210418T012034602.fits'
 'ch2_cla_l1_20210418T012034602_20210418T012042602.fits'
 'ch2_cla_l1_20210418T012042602_20210418T012050602.fits'
 'ch2_cla_l1_20210418T012050602_20210418T012058602.fits'
 'ch2_cla_l1_20210418T012058602_20210418T012106602.fits'
 'ch2_cla_l1_20210418T012106602_20210418T012114602.fits'
 'ch2_cla_l1_20210418T012114602_20210418T012122602.fits'
 'ch2_cla_l1_20210418T012122602_20210418T012130602.fits'
 'ch2_cla_l1_20210418T012130602_20210418T012138602.fits'
 'ch2_cla_l1_20210418T012138602_20210418T012146602.fits'
 'ch2_cla_l1_20210418T012146602_20210418T012154602.fits'
 'ch2_cla_l1_20210418T012154602_20210418T012202602.fits'
 'ch2_cla_l1_20210418T012202602_20210418T012210602.fits'
 'ch2_cla_l1_20210418T012210602_20210418T012218602.fits'
 'ch2_cla_l1_20210418T012218602_20210418T012226602.fits'
 'ch2_cla_l1_20210418T012226602_20210418T012234602.fits'
 'ch2_cla_l1_20210418T012234602_20210418T012242602.fits'
 'ch2_cla_l1_20210418T012242602_20210418T012250602.fits'
 'ch2_cla_l1_20210418T012250602_20210418T012258602.fits'
 'ch2_cla_l1_20210418T012258602_20210418T012306602.fits'
 'ch2_cla_l1_20210418T012306602_20210418T012314602.fits'
 'ch2_cla_l1_20210418T012314602_20210418T012322602.fits'
 'ch2_cla_l1_20210418T012322602_20210418T012330602.fits'
 'ch2_cla_l1_20210418T012330602_20210418T012338602.fits'
 'ch2_cla_l1_20210418T012338602_20210418T012346602.fits'
 'ch2_cla_l1_20210418T012346602_20210418T012354602.fits'
 'ch2_cla_l1_20210418T012354602_20210418T012402602.fits'
 'ch2_cla_l1_20210418T012402602_20210418T012410602.fits'
 'ch2_cla_l1_20210418T012410602_20210418T012418602.fits'
 'ch2_cla_l1_20210418T012418602_20210418T012426602.fits'
 'ch2_cla_l1_20210418T012426602_20210418T012434602.fits'
 'ch2_cla_l1_20210418T012434602_20210418T012442602.fits'
 'ch2_cla_l1_20210418T012442602_20210418T012450602.fits'
 'ch2_cla_l1_20210418T012450602_20210418T012458602.fits'
 'ch2_cla_l1_20210418T012458602_20210418T012506602.fits'
 'ch2_cla_l1_20210418T012506602_20210418T012514602.fits'
 'ch2_cla_l1_20210418T012514602_20210418T012522602.fits'
 'ch2_cla_l1_20210418T012522602_20210418T012530602.fits'
 'ch2_cla_l1_20210418T012530602_20210418T012538602.fits'
 'ch2_cla_l1_20210418T012538602_20210418T012546602.fits'
 'ch2_cla_l1_20210418T012546602_20210418T012554602.fits'
 'ch2_cla_l1_20210418T012554602_20210418T012602602.fits'
 'ch2_cla_l1_20210418T012602602_20210418T012610602.fits'
 'ch2_cla_l1_20210418T012610602_20210418T012618602.fits'
 'ch2_cla_l1_20210418T012618602_20210418T012626602.fits'
 'ch2_cla_l1_20210418T012626602_20210418T012634602.fits'
 'ch2_cla_l1_20210418T012634602_20210418T012642602.fits'
 'ch2_cla_l1_20210418T012642602_20210418T012650602.fits'
 'ch2_cla_l1_20210418T012650602_20210418T012658602.fits'
 'ch2_cla_l1_20210418T012658602_20210418T012706602.fits'
 'ch2_cla_l1_20210418T012706602_20210418T012714602.fits'
 'ch2_cla_l1_20210418T012714602_20210418T012722602.fits'
 'ch2_cla_l1_20210418T012722602_20210418T012730602.fits'
 'ch2_cla_l1_20210418T012730602_20210418T012738602.fits'
 'ch2_cla_l1_20210418T012738602_20210418T012746602.fits'
 'ch2_cla_l1_20210418T012746602_20210418T012754602.fits'
 'ch2_cla_l1_20210418T012754602_20210418T012802602.fits'
 'ch2_cla_l1_20210418T012802602_20210418T012810602.fits'
 'ch2_cla_l1_20210418T012810602_20210418T012818602.fits'
 'ch2_cla_l1_20210418T012818602_20210418T012826602.fits'
 'ch2_cla_l1_20210418T012826602_20210418T012834602.fits'
 'ch2_cla_l1_20210418T012834602_20210418T012842602.fits'
 'ch2_cla_l1_20210418T012842602_20210418T012850602.fits'
 'ch2_cla_l1_20210418T012850602_20210418T012858602.fits'
 'ch2_cla_l1_20210418T012858602_20210418T012906602.fits'
 'ch2_cla_l1_20210418T012906602_20210418T012914602.fits'
 'ch2_cla_l1_20210418T012914602_20210418T012922602.fits'
 'ch2_cla_l1_20210418T012922602_20210418T012930602.fits'
 'ch2_cla_l1_20210418T012930602_20210418T012938602.fits'
 'ch2_cla_l1_20210418T012938602_20210418T012946602.fits'
 'ch2_cla_l1_20210418T012946602_20210418T012954602.fits'
 'ch2_cla_l1_20210418T012954602_20210418T013002602.fits'
 'ch2_cla_l1_20210418T013002602_20210418T013010602.fits'
 'ch2_cla_l1_20210418T013010602_20210418T013018602.fits'
 'ch2_cla_l1_20210418T013018602_20210418T013026602.fits'
 'ch2_cla_l1_20210418T013026602_20210418T013034602.fits'
 'ch2_cla_l1_20210418T013034602_20210418T013042602.fits'
 'ch2_cla_l1_20210418T013042602_20210418T013050602.fits'
 'ch2_cla_l1_20210418T013050602_20210418T013058602.fits'
 'ch2_cla_l1_20210418T013058602_20210418T013106602.fits'
 'ch2_cla_l1_20210418T013106602_20210418T013114602.fits'
 'ch2_cla_l1_20210418T013114602_20210418T013122602.fits'
 'ch2_cla_l1_20210418T013122602_20210418T013130602.fits'
 'ch2_cla_l1_20210418T013130602_20210418T013138602.fits'
 'ch2_cla_l1_20210418T013138602_20210418T013146602.fits'
 'ch2_cla_l1_20210418T013146602_20210418T013154602.fits'
 'ch2_cla_l1_20210418T013154602_20210418T013202602.fits'
 'ch2_cla_l1_20210418T013202602_20210418T013210602.fits'
 'ch2_cla_l1_20210418T013210602_20210418T013218602.fits'
 'ch2_cla_l1_20210418T013218602_20210418T013226602.fits'
 'ch2_cla_l1_20210418T013226602_20210418T013234602.fits'
 'ch2_cla_l1_20210418T013234602_20210418T013242602.fits'
 'ch2_cla_l1_20210418T023338602_20210418T023346602.fits'
 'ch2_cla_l1_20210418T023346602_20210418T023354602.fits'
 'ch2_cla_l1_20210418T023354602_20210418T023402602.fits'
 'ch2_cla_l1_20210418T023402602_20210418T023410602.fits'
 'ch2_cla_l1_20210418T023410602_20210418T023418602.fits'
 'ch2_cla_l1_20210418T023418602_20210418T023426602.fits'
 'ch2_cla_l1_20210418T023426602_20210418T023434602.fits'
 'ch2_cla_l1_20210418T023434602_20210418T023442602.fits'
 'ch2_cla_l1_20210418T023442602_20210418T023450602.fits'
 'ch2_cla_l1_20210418T023450602_20210418T023458602.fits'
 'ch2_cla_l1_20210418T023458602_20210418T023506602.fits'
 'ch2_cla_l1_20210418T023506602_20210418T023514602.fits'
 'ch2_cla_l1_20210418T023514602_20210418T023522602.fits'
 'ch2_cla_l1_20210418T023522602_20210418T023530602.fits'
 'ch2_cla_l1_20210418T023530602_20210418T023538602.fits'
 'ch2_cla_l1_20210418T023538602_20210418T023546602.fits'
 'ch2_cla_l1_20210418T023546602_20210418T023554602.fits'
 'ch2_cla_l1_20210418T023554602_20210418T023602602.fits'
 'ch2_cla_l1_20210418T023602602_20210418T023610602.fits'
 'ch2_cla_l1_20210418T023610602_20210418T023618602.fits'
 'ch2_cla_l1_20210418T023618602_20210418T023626602.fits'
 'ch2_cla_l1_20210418T023626602_20210418T023634602.fits'
 'ch2_cla_l1_20210418T023634602_20210418T023642602.fits'
 'ch2_cla_l1_20210418T023642602_20210418T023650602.fits'
 'ch2_cla_l1_20210418T023650602_20210418T023658602.fits'
 'ch2_cla_l1_20210418T023658602_20210418T023706602.fits'
 'ch2_cla_l1_20210418T023706602_20210418T023714602.fits'
 'ch2_cla_l1_20210418T023714602_20210418T023722602.fits'
 'ch2_cla_l1_20210418T023722602_20210418T023730602.fits'
 'ch2_cla_l1_20210418T023730602_20210418T023738602.fits'
 'ch2_cla_l1_20210418T023738602_20210418T023746602.fits'
 'ch2_cla_l1_20210418T023746602_20210418T023754602.fits'
 'ch2_cla_l1_20210418T023754602_20210418T023802602.fits'
 'ch2_cla_l1_20210418T023802602_20210418T023810602.fits'
 'ch2_cla_l1_20210418T023810602_20210418T023818602.fits'
 'ch2_cla_l1_20210418T023818602_20210418T023826602.fits'
 'ch2_cla_l1_20210418T023826602_20210418T023834602.fits'
 'ch2_cla_l1_20210418T023834602_20210418T023842602.fits'
 'ch2_cla_l1_20210418T023842602_20210418T023850602.fits'
 'ch2_cla_l1_20210418T023850602_20210418T023858602.fits'
 'ch2_cla_l1_20210418T023858602_20210418T023906602.fits'
 'ch2_cla_l1_20210418T023906602_20210418T023914602.fits'
 'ch2_cla_l1_20210418T023914602_20210418T023922602.fits'
 'ch2_cla_l1_20210418T023922602_20210418T023930602.fits'
 'ch2_cla_l1_20210418T023930602_20210418T023938602.fits'
 'ch2_cla_l1_20210418T023938602_20210418T023946602.fits'
 'ch2_cla_l1_20210418T023946602_20210418T023954602.fits'
 'ch2_cla_l1_20210418T023954602_20210418T024002602.fits'
 'ch2_cla_l1_20210418T024002602_20210418T024010602.fits'
 'ch2_cla_l1_20210418T024010602_20210418T024018602.fits'
 'ch2_cla_l1_20210418T024018602_20210418T024026602.fits'
 'ch2_cla_l1_20210418T024026602_20210418T024034602.fits'
 'ch2_cla_l1_20210418T024034602_20210418T024042602.fits'
 'ch2_cla_l1_20210418T024042602_20210418T024050602.fits'
 'ch2_cla_l1_20210418T024050602_20210418T024058602.fits'
 'ch2_cla_l1_20210418T024058602_20210418T024106602.fits'
 'ch2_cla_l1_20210418T024106602_20210418T024114602.fits'
 'ch2_cla_l1_20210418T024114602_20210418T024122602.fits'
 'ch2_cla_l1_20210418T024122602_20210418T024130602.fits'
 'ch2_cla_l1_20210418T024130602_20210418T024138602.fits'
 'ch2_cla_l1_20210418T024138602_20210418T024146602.fits'
 'ch2_cla_l1_20210418T024146602_20210418T024154602.fits'
 'ch2_cla_l1_20210418T024154602_20210418T024202602.fits'
 'ch2_cla_l1_20210418T024202602_20210418T024210602.fits'
 'ch2_cla_l1_20210418T024210602_20210418T024218602.fits'
 'ch2_cla_l1_20210418T024218602_20210418T024226602.fits'
 'ch2_cla_l1_20210418T024226602_20210418T024234602.fits'
 'ch2_cla_l1_20210418T024234602_20210418T024242602.fits'
 'ch2_cla_l1_20210418T024242602_20210418T024250602.fits'
 'ch2_cla_l1_20210418T024250602_20210418T024258602.fits'
 'ch2_cla_l1_20210418T024258602_20210418T024306602.fits'
 'ch2_cla_l1_20210418T024306602_20210418T024314602.fits'
 'ch2_cla_l1_20210418T024314602_20210418T024322602.fits'
 'ch2_cla_l1_20210418T024322602_20210418T024330602.fits'
 'ch2_cla_l1_20210418T024330602_20210418T024338602.fits'
 'ch2_cla_l1_20210418T024338602_20210418T024346602.fits'
 'ch2_cla_l1_20210418T024346602_20210418T024354602.fits'
 'ch2_cla_l1_20210418T024354602_20210418T024402602.fits'
 'ch2_cla_l1_20210418T024402602_20210418T024410602.fits'
 'ch2_cla_l1_20210418T024410602_20210418T024418602.fits'
 'ch2_cla_l1_20210418T024418602_20210418T024426602.fits'
 'ch2_cla_l1_20210418T024426602_20210418T024434602.fits'
 'ch2_cla_l1_20210418T024434602_20210418T024442602.fits'
 'ch2_cla_l1_20210418T024442602_20210418T024450602.fits'
 'ch2_cla_l1_20210418T024450602_20210418T024458602.fits'
 'ch2_cla_l1_20210418T024458602_20210418T024506602.fits'
 'ch2_cla_l1_20210418T024506602_20210418T024514602.fits'
 'ch2_cla_l1_20210418T024514602_20210418T024522602.fits'
 'ch2_cla_l1_20210418T024522602_20210418T024530602.fits'
 'ch2_cla_l1_20210418T024530602_20210418T024538602.fits'
 'ch2_cla_l1_20210418T024538602_20210418T024546602.fits'
 'ch2_cla_l1_20210418T024546602_20210418T024554602.fits'
 'ch2_cla_l1_20210418T024554602_20210418T024602602.fits'
 'ch2_cla_l1_20210418T024602602_20210418T024610602.fits'
 'ch2_cla_l1_20210418T024610602_20210418T024618602.fits'
 'ch2_cla_l1_20210418T024618602_20210418T024626602.fits'
 'ch2_cla_l1_20210418T024626602_20210418T024634602.fits'
 'ch2_cla_l1_20210418T024634602_20210418T024642602.fits'
 'ch2_cla_l1_20210418T024642602_20210418T024650602.fits'
 'ch2_cla_l1_20210418T024650602_20210418T024658602.fits'
 'ch2_cla_l1_20210418T024658602_20210418T024706602.fits'
 'ch2_cla_l1_20210418T024706602_20210418T024714602.fits'
 'ch2_cla_l1_20210418T024714602_20210418T024722602.fits'
 'ch2_cla_l1_20210418T024722602_20210418T024730602.fits'
 'ch2_cla_l1_20210418T024730602_20210418T024738602.fits'
 'ch2_cla_l1_20210418T024738602_20210418T024746602.fits'
 'ch2_cla_l1_20210418T024746602_20210418T024754602.fits'
 'ch2_cla_l1_20210418T024754602_20210418T024802602.fits'
 'ch2_cla_l1_20210418T024802602_20210418T024810602.fits'
 'ch2_cla_l1_20210418T024810602_20210418T024818602.fits'
 'ch2_cla_l1_20210418T024818602_20210418T024826602.fits'
 'ch2_cla_l1_20210418T024826602_20210418T024834602.fits'
 'ch2_cla_l1_20210418T024834602_20210418T024842602.fits'
 'ch2_cla_l1_20210418T024842602_20210418T024850602.fits']"
"['ch2_cla_l1_20210418T033101760_20210418T033109760.fits'
 'ch2_cla_l1_20210418T033109760_20210418T033117760.fits'
 'ch2_cla_l1_20210418T033117760_20210418T033125760.fits'
 'ch2_cla_l1_20210418T033125760_20210418T033133760.fits'
 'ch2_cla_l1_20210418T033133760_20210418T033141760.fits'
 'ch2_cla_l1_20210418T033141760_20210418T033149760.fits'
 'ch2_cla_l1_20210418T033149760_20210418T033157760.fits'
 'ch2_cla_l1_20210418T033157760_20210418T033205760.fits'
 'ch2_cla_l1_20210418T033205760_20210418T033213760.fits'
 'ch2_cla_l1_20210418T033213760_20210418T033221760.fits'
 'ch2_cla_l1_20210418T033221760_20210418T033229760.fits'
 'ch2_cla_l1_20210418T033229760_20210418T033237760.fits'
 'ch2_cla_l1_20210418T033237760_20210418T033245760.fits'
 'ch2_cla_l1_20210418T033245760_20210418T033253760.fits'
 'ch2_cla_l1_20210418T033253760_20210418T033301760.fits'
 'ch2_cla_l1_20210418T033301760_20210418T033309760.fits'
 'ch2_cla_l1_20210418T033309760_20210418T033317760.fits'
 'ch2_cla_l1_20210418T033317760_20210418T033325760.fits'
 'ch2_cla_l1_20210418T033325760_20210418T033333760.fits'
 'ch2_cla_l1_20210418T033333760_20210418T033341760.fits'
 'ch2_cla_l1_20210418T033341760_20210418T033349760.fits'
 'ch2_cla_l1_20210418T033349760_20210418T033357760.fits'
 'ch2_cla_l1_20210418T033357760_20210418T033405760.fits'
 'ch2_cla_l1_20210418T033405760_20210418T033413760.fits'
 'ch2_cla_l1_20210418T033413760_20210418T033421760.fits'
 'ch2_cla_l1_20210418T033421760_20210418T033429760.fits'
 'ch2_cla_l1_20210418T033429760_20210418T033437760.fits'
 'ch2_cla_l1_20210418T033437760_20210418T033445760.fits'
 'ch2_cla_l1_20210418T033445760_20210418T033453760.fits'
 'ch2_cla_l1_20210418T033453760_20210418T033501760.fits'
 'ch2_cla_l1_20210418T033501760_20210418T033509760.fits'
 'ch2_cla_l1_20210418T033509760_20210418T033517760.fits'
 'ch2_cla_l1_20210418T033517760_20210418T033525760.fits'
 'ch2_cla_l1_20210418T033525760_20210418T033533760.fits'
 'ch2_cla_l1_20210418T033533760_20210418T033541760.fits'
 'ch2_cla_l1_20210418T033541760_20210418T033549760.fits'
 'ch2_cla_l1_20210418T033549760_20210418T033557760.fits'
 'ch2_cla_l1_20210418T033557760_20210418T033605760.fits'
 'ch2_cla_l1_20210418T033605760_20210418T033613760.fits'
 'ch2_cla_l1_20210418T033613760_20210418T033621760.fits'
 'ch2_cla_l1_20210418T033621760_20210418T033629760.fits'
 'ch2_cla_l1_20210418T033629760_20210418T033637760.fits'
 'ch2_cla_l1_20210418T033637760_20210418T033645760.fits'
 'ch2_cla_l1_20210418T033645760_20210418T033653760.fits'
 'ch2_cla_l1_20210418T033653760_20210418T033701760.fits'
 'ch2_cla_l1_20210418T033701760_20210418T033709760.fits'
 'ch2_cla_l1_20210418T033709760_20210418T033717760.fits'
 'ch2_cla_l1_20210418T033717760_20210418T033725760.fits'
 'ch2_cla_l1_20210418T033725760_20210418T033733760.fits'
 'ch2_cla_l1_20210418T033733760_20210418T033741760.fits'
 'ch2_cla_l1_20210418T033741760_20210418T033749760.fits'
 'ch2_cla_l1_20210418T033749760_20210418T033757760.fits'
 'ch2_cla_l1_20210418T033757760_20210418T033805760.fits'
 'ch2_cla_l1_20210418T033805760_20210418T033813760.fits'
 'ch2_cla_l1_20210418T033813760_20210418T033821760.fits'
 'ch2_cla_l1_20210418T033821760_20210418T033829760.fits'
 'ch2_cla_l1_20210418T033829760_20210418T033837760.fits'
 'ch2_cla_l1_20210418T033837760_20210418T033845760.fits'
 'ch2_cla_l1_20210418T033845760_20210418T033853760.fits'
 'ch2_cla_l1_20210418T033853760_20210418T033901760.fits'
 'ch2_cla_l1_20210418T033901760_20210418T033909760.fits'
 'ch2_cla_l1_20210418T033909760_20210418T033917760.fits'
 'ch2_cla_l1_20210418T033917760_20210418T033925760.fits'
 'ch2_cla_l1_20210418T033925760_20210418T033933760.fits'
 'ch2_cla_l1_20210418T033933760_20210418T033941760.fits'
 'ch2_cla_l1_20210418T033941760_20210418T033949760.fits'
 'ch2_cla_l1_20210418T033949760_20210418T033957760.fits'
 'ch2_cla_l1_20210418T033957760_20210418T034005760.fits'
 'ch2_cla_l1_20210418T034005760_20210418T034013760.fits'
 'ch2_cla_l1_20210418T034013760_20210418T034021760.fits'
 'ch2_cla_l1_20210418T034021760_20210418T034029760.fits'
 'ch2_cla_l1_20210418T034029760_20210418T034037760.fits'
 'ch2_cla_l1_20210418T034037760_20210418T034045760.fits'
 'ch2_cla_l1_20210418T034045760_20210418T034053760.fits'
 'ch2_cla_l1_20210418T034053760_20210418T034101760.fits'
 'ch2_cla_l1_20210418T034101760_20210418T034109760.fits'
 'ch2_cla_l1_20210418T034109760_20210418T034117760.fits'
 'ch2_cla_l1_20210418T034117760_20210418T034125760.fits'
 'ch2_cla_l1_20210418T034125760_20210418T034133760.fits'
 'ch2_cla_l1_20210418T034133760_20210418T034141760.fits'
 'ch2_cla_l1_20210418T034141760_20210418T034149760.fits'
 'ch2_cla_l1_20210418T034149760_20210418T034157760.fits'
 'ch2_cla_l1_20210418T034157760_20210418T034205760.fits'
 'ch2_cla_l1_20210418T034205760_20210418T034213760.fits'
 'ch2_cla_l1_20210418T034213760_20210418T034221760.fits'
 'ch2_cla_l1_20210418T034221760_20210418T034229760.fits'
 'ch2_cla_l1_20210418T034229760_20210418T034237760.fits'
 'ch2_cla_l1_20210418T034237760_20210418T034245760.fits'
 'ch2_cla_l1_20210418T034245760_20210418T034253760.fits'
 'ch2_cla_l1_20210418T034253760_20210418T034301760.fits'
 'ch2_cla_l1_20210418T034301760_20210418T034309760.fits'
 'ch2_cla_l1_20210418T034309760_20210418T034317760.fits'
 'ch2_cla_l1_20210418T034317760_20210418T034325760.fits'
 'ch2_cla_l1_20210418T034325760_20210418T034333760.fits'
 'ch2_cla_l1_20210418T034333760_20210418T034341760.fits'
 'ch2_cla_l1_20210418T034341760_20210418T034349760.fits'
 'ch2_cla_l1_20210418T034349760_20210418T034357760.fits'
 'ch2_cla_l1_20210418T034357760_20210418T034405760.fits'
 'ch2_cla_l1_20210418T034405760_20210418T034413760.fits'
 'ch2_cla_l1_20210418T034413760_20210418T034421760.fits'
 'ch2_cla_l1_20210418T034421760_20210418T034429760.fits'
 'ch2_cla_l1_20210418T034429760_20210418T034437760.fits'
 'ch2_cla_l1_20210418T034437760_20210418T034445760.fits'
 'ch2_cla_l1_20210418T034445760_20210418T034453760.fits'
 'ch2_cla_l1_20210418T034453760_20210418T034501760.fits'
 'ch2_cla_l1_20210418T034501760_20210418T034509760.fits'
 'ch2_cla_l1_20210418T034509760_20210418T034517760.fits'
 'ch2_cla_l1_20210418T034517760_20210418T034525760.fits'
 'ch2_cla_l1_20210418T034525760_20210418T034533760.fits'
 'ch2_cla_l1_20210418T034533760_20210418T034541760.fits'
 'ch2_cla_l1_20210418T034541760_20210418T034549760.fits'
 'ch2_cla_l1_20210418T034549760_20210418T034557760.fits'
 'ch2_cla_l1_20210418T034557760_20210418T034605760.fits'
 'ch2_cla_l1_20210418T034605760_20210418T034613760.fits'
 'ch2_cla_l1_20210418T034613760_20210418T034621760.fits'
 'ch2_cla_l1_20210418T034621760_20210418T034629760.fits'
 'ch2_cla_l1_20210418T034629760_20210418T034637760.fits'
 'ch2_cla_l1_20210418T034637760_20210418T034645760.fits'
 'ch2_cla_l1_20210418T034645760_20210418T034653760.fits'
 'ch2_cla_l1_20210418T034653760_20210418T034701760.fits'
 'ch2_cla_l1_20210418T034701760_20210418T034709760.fits'
 'ch2_cla_l1_20210418T034709760_20210418T034717760.fits'
 'ch2_cla_l1_20210418T034717760_20210418T034725760.fits'
 'ch2_cla_l1_20210418T034725760_20210418T034733760.fits'
 'ch2_cla_l1_20210418T034733760_20210418T034741760.fits'
 'ch2_cla_l1_20210418T034741760_20210418T034749760.fits'
 'ch2_cla_l1_20210418T034749760_20210418T034757760.fits'
 'ch2_cla_l1_20210418T034757760_20210418T034805760.fits'
 'ch2_cla_l1_20210418T034805760_20210418T034813760.fits'
 'ch2_cla_l1_20210418T034813760_20210418T034821760.fits'
 'ch2_cla_l1_20210418T034821760_20210418T034829760.fits'
 'ch2_cla_l1_20210418T034829760_20210418T034837760.fits'
 'ch2_cla_l1_20210418T034837760_20210418T034845760.fits'
 'ch2_cla_l1_20210418T034845760_20210418T034853760.fits'
 'ch2_cla_l1_20210418T034853760_20210418T034901760.fits'
 'ch2_cla_l1_20210418T034901760_20210418T034909760.fits'
 'ch2_cla_l1_20210418T034909760_20210418T034917760.fits'
 'ch2_cla_l1_20210418T034917760_20210418T034925760.fits'
 'ch2_cla_l1_20210418T034925760_20210418T034933760.fits'
 'ch2_cla_l1_20210418T034933760_20210418T034941760.fits'
 'ch2_cla_l1_20210418T034941760_20210418T034949760.fits'
 'ch2_cla_l1_20210418T034949760_20210418T034957760.fits'
 'ch2_cla_l1_20210418T034957760_20210418T035005760.fits'
 'ch2_cla_l1_20210418T035005760_20210418T035013760.fits'
 'ch2_cla_l1_20210418T035013760_20210418T035021760.fits'
 'ch2_cla_l1_20210418T035021760_20210418T035029760.fits'
 'ch2_cla_l1_20210418T035029760_20210418T035037760.fits'
 'ch2_cla_l1_20210418T035037760_20210418T035045760.fits'
 'ch2_cla_l1_20210418T035045760_20210418T035053760.fits'
 'ch2_cla_l1_20210418T035053760_20210418T035101760.fits'
 'ch2_cla_l1_20210418T035101760_20210418T035109760.fits'
 'ch2_cla_l1_20210418T035109760_20210418T035117760.fits'
 'ch2_cla_l1_20210418T035117760_20210418T035125760.fits'
 'ch2_cla_l1_20210418T035125760_20210418T035133760.fits'
 'ch2_cla_l1_20210418T035133760_20210418T035141760.fits'
 'ch2_cla_l1_20210418T035141760_20210418T035149760.fits'
 'ch2_cla_l1_20210418T035149760_20210418T035157760.fits'
 'ch2_cla_l1_20210418T035157760_20210418T035205760.fits'
 'ch2_cla_l1_20210418T035205760_20210418T035213760.fits'
 'ch2_cla_l1_20210418T035213760_20210418T035221760.fits'
 'ch2_cla_l1_20210418T035221760_20210418T035229760.fits'
 'ch2_cla_l1_20210418T035229760_20210418T035237760.fits'
 'ch2_cla_l1_20210418T035237760_20210418T035245760.fits'
 'ch2_cla_l1_20210418T035245760_20210418T035253760.fits'
 'ch2_cla_l1_20210418T035253760_20210418T035301760.fits'
 'ch2_cla_l1_20210418T035301760_20210418T035309760.fits'
 'ch2_cla_l1_20210418T035309760_20210418T035317760.fits'
 'ch2_cla_l1_20210418T035317760_20210418T035325760.fits'
 'ch2_cla_l1_20210418T035325760_20210418T035333760.fits'
 'ch2_cla_l1_20210418T035333760_20210418T035341760.fits'
 'ch2_cla_l1_20210418T035341760_20210418T035349760.fits'
 'ch2_cla_l1_20210418T035349760_20210418T035357760.fits'
 'ch2_cla_l1_20210418T035357760_20210418T035405760.fits'
 'ch2_cla_l1_20210418T035405760_20210418T035413760.fits'
 'ch2_cla_l1_20210418T035413760_20210418T035421760.fits'
 'ch2_cla_l1_20210418T035421760_20210418T035429760.fits'
 'ch2_cla_l1_20210418T035429760_20210418T035437760.fits'
 'ch2_cla_l1_20210418T035437760_20210418T035445760.fits'
 'ch2_cla_l1_20210418T035445760_20210418T035453760.fits'
 'ch2_cla_l1_20210418T035453760_20210418T035501760.fits'
 'ch2_cla_l1_20210418T035501760_20210418T035509760.fits'
 'ch2_cla_l1_20210418T035509760_20210418T035517760.fits'
 'ch2_cla_l1_20210418T035517760_20210418T035525760.fits'
 'ch2_cla_l1_20210418T035525760_20210418T035533760.fits'
 'ch2_cla_l1_20210418T035533760_20210418T035541760.fits'
 'ch2_cla_l1_20210418T035541760_20210418T035549760.fits'
 'ch2_cla_l1_20210418T035549760_20210418T035557760.fits'
 'ch2_cla_l1_20210418T035557760_20210418T035605760.fits'
 'ch2_cla_l1_20210418T035605760_20210418T035613760.fits'
 'ch2_cla_l1_20210418T035613760_20210418T035621760.fits'
 'ch2_cla_l1_20210418T035621760_20210418T035629760.fits'
 'ch2_cla_l1_20210418T035629760_20210418T035637760.fits'
 'ch2_cla_l1_20210418T035637760_20210418T035645760.fits'
 'ch2_cla_l1_20210418T035645760_20210418T035653760.fits'
 'ch2_cla_l1_20210418T035653760_20210418T035701760.fits'
 'ch2_cla_l1_20210418T035701760_20210418T035709760.fits'
 'ch2_cla_l1_20210418T035709760_20210418T035717760.fits'
 'ch2_cla_l1_20210418T035717760_20210418T035725760.fits'
 'ch2_cla_l1_20210418T035725760_20210418T035733760.fits'
 'ch2_cla_l1_20210418T035733760_20210418T035741760.fits'
 'ch2_cla_l1_20210418T035741760_20210418T035749760.fits'
 'ch2_cla_l1_20210418T035749760_20210418T035757760.fits'
 'ch2_cla_l1_20210418T035757760_20210418T035805760.fits'
 'ch2_cla_l1_20210418T035805760_20210418T035813760.fits'
 'ch2_cla_l1_20210418T035813760_20210418T035821760.fits'
 'ch2_cla_l1_20210418T035821760_20210418T035829760.fits'
 'ch2_cla_l1_20210418T035829760_20210418T035837760.fits'
 'ch2_cla_l1_20210418T035837760_20210418T035845760.fits'
 'ch2_cla_l1_20210418T035845760_20210418T035853760.fits'
 'ch2_cla_l1_20210418T035853760_20210418T035901760.fits'
 'ch2_cla_l1_20210418T035901760_20210418T035909760.fits'
 'ch2_cla_l1_20210418T035909760_20210418T035917760.fits'
 'ch2_cla_l1_20210418T035917760_20210418T035925760.fits'
 'ch2_cla_l1_20210418T035925760_20210418T035933760.fits'
 'ch2_cla_l1_20210418T035933760_20210418T035941760.fits'
 'ch2_cla_l1_20210418T035941760_20210418T035949760.fits'
 'ch2_cla_l1_20210418T035949760_20210418T035957760.fits'
 'ch2_cla_l1_20210418T035957760_20210418T040005760.fits'
 'ch2_cla_l1_20210418T040005760_20210418T040013760.fits'
 'ch2_cla_l1_20210418T040013760_20210418T040021760.fits'
 'ch2_cla_l1_20210418T040021760_20210418T040029760.fits'
 'ch2_cla_l1_20210418T040029760_20210418T040037760.fits'
 'ch2_cla_l1_20210418T040037760_20210418T040045760.fits'
 'ch2_cla_l1_20210418T040045760_20210418T040053760.fits'
 'ch2_cla_l1_20210418T040053760_20210418T040101760.fits'
 'ch2_cla_l1_20210418T040101760_20210418T040109760.fits'
 'ch2_cla_l1_20210418T040109760_20210418T040117760.fits'
 'ch2_cla_l1_20210418T040117760_20210418T040125760.fits'
 'ch2_cla_l1_20210418T040125760_20210418T040133760.fits'
 'ch2_cla_l1_20210418T040133760_20210418T040141760.fits'
 'ch2_cla_l1_20210418T040141760_20210418T040149760.fits'
 'ch2_cla_l1_20210418T040149760_20210418T040157760.fits'
 'ch2_cla_l1_20210418T040157760_20210418T040205760.fits'
 'ch2_cla_l1_20210418T040205760_20210418T040213760.fits'
 'ch2_cla_l1_20210418T040213760_20210418T040221760.fits'
 'ch2_cla_l1_20210418T040221760_20210418T040229760.fits'
 'ch2_cla_l1_20210418T040229760_20210418T040237760.fits'
 'ch2_cla_l1_20210418T040237760_20210418T040245760.fits'
 'ch2_cla_l1_20210418T040245760_20210418T040253760.fits'
 'ch2_cla_l1_20210418T040253760_20210418T040301760.fits'
 'ch2_cla_l1_20210418T040301760_20210418T040309760.fits'
 'ch2_cla_l1_20210418T040309760_20210418T040317760.fits'
 'ch2_cla_l1_20210418T040317760_20210418T040325760.fits'
 'ch2_cla_l1_20210418T040325760_20210418T040333760.fits'
 'ch2_cla_l1_20210418T040333760_20210418T040341760.fits'
 'ch2_cla_l1_20210418T040341760_20210418T040349760.fits'
 'ch2_cla_l1_20210418T040349760_20210418T040357760.fits'
 'ch2_cla_l1_20210418T040357760_20210418T040405760.fits'
 'ch2_cla_l1_20210418T040405760_20210418T040413760.fits'
 'ch2_cla_l1_20210418T040413760_20210418T040421760.fits'
 'ch2_cla_l1_20210418T040421760_20210418T040429760.fits'
 'ch2_cla_l1_20210418T040429760_20210418T040437760.fits'
 'ch2_cla_l1_20210418T040437760_20210418T040445760.fits'
 'ch2_cla_l1_20210418T040445760_20210418T040453760.fits'
 'ch2_cla_l1_20210418T040453760_20210418T040501760.fits'
 'ch2_cla_l1_20210418T040501760_20210418T040509760.fits'
 'ch2_cla_l1_20210418T040509760_20210418T040517760.fits'
 'ch2_cla_l1_20210418T040517760_20210418T040525760.fits'
 'ch2_cla_l1_20210418T040525760_20210418T040533760.fits'
 'ch2_cla_l1_20210418T040533760_20210418T040541760.fits'
 'ch2_cla_l1_20210418T040541760_20210418T040549760.fits'
 'ch2_cla_l1_20210418T040549760_20210418T040557760.fits'
 'ch2_cla_l1_20210418T040557760_20210418T040605760.fits'
 'ch2_cla_l1_20210418T040605760_20210418T040613760.fits'
 'ch2_cla_l1_20210418T040613760_20210418T040621760.fits'
 'ch2_cla_l1_20210418T040621760_20210418T040629760.fits'
 'ch2_cla_l1_20210418T040629760_20210418T040637760.fits'
 'ch2_cla_l1_20210418T040637760_20210418T040645760.fits'
 'ch2_cla_l1_20210418T040645760_20210418T040653760.fits'
 'ch2_cla_l1_20210418T040653760_20210418T040701760.fits'
 'ch2_cla_l1_20210418T040701760_20210418T040709760.fits'
 'ch2_cla_l1_20210418T040709760_20210418T040717760.fits'
 'ch2_cla_l1_20210418T040717760_20210418T040725760.fits'
 'ch2_cla_l1_20210418T040725760_20210418T040733760.fits'
 'ch2_cla_l1_20210418T040733760_20210418T040741760.fits'
 'ch2_cla_l1_20210418T040741760_20210418T040749760.fits'
 'ch2_cla_l1_20210418T040749760_20210418T040757760.fits'
 'ch2_cla_l1_20210418T040757760_20210418T040805760.fits'
 'ch2_cla_l1_20210418T040805760_20210418T040813760.fits'
 'ch2_cla_l1_20210418T040813760_20210418T040821760.fits'
 'ch2_cla_l1_20210418T040821760_20210418T040829760.fits'
 'ch2_cla_l1_20210418T040829760_20210418T040837760.fits'
 'ch2_cla_l1_20210418T040837760_20210418T040845760.fits'
 'ch2_cla_l1_20210418T040845760_20210418T040853760.fits'
 'ch2_cla_l1_20210418T040853760_20210418T040901760.fits'
 'ch2_cla_l1_20210418T040901760_20210418T040909760.fits'
 'ch2_cla_l1_20210418T040909760_20210418T040917760.fits'
 'ch2_cla_l1_20210418T040917760_20210418T040925760.fits'
 'ch2_cla_l1_20210418T040925760_20210418T040933760.fits'
 'ch2_cla_l1_20210418T040933760_20210418T040941760.fits'
 'ch2_cla_l1_20210418T040941760_20210418T040949760.fits'
 'ch2_cla_l1_20210418T040949760_20210418T040957760.fits'
 'ch2_cla_l1_20210418T040957760_20210418T041005760.fits'
 'ch2_cla_l1_20210418T041005760_20210418T041013760.fits'
 'ch2_cla_l1_20210418T041013760_20210418T041021760.fits'
 'ch2_cla_l1_20210418T041021760_20210418T041029760.fits'
 'ch2_cla_l1_20210418T041029760_20210418T041037760.fits'
 'ch2_cla_l1_20210418T041037760_20210418T041045760.fits'
 'ch2_cla_l1_20210418T041045760_20210418T041053760.fits'
 'ch2_cla_l1_20210418T041053760_20210418T041101760.fits'
 'ch2_cla_l1_20210418T041101760_20210418T041109760.fits'
 'ch2_cla_l1_20210418T041109760_20210418T041117760.fits'
 'ch2_cla_l1_20210418T041117760_20210418T041125760.fits'
 'ch2_cla_l1_20210418T041125760_20210418T041133760.fits'
 'ch2_cla_l1_20210418T041133760_20210418T041141760.fits'
 'ch2_cla_l1_20210418T041141760_20210418T041149760.fits'
 'ch2_cla_l1_20210418T041149760_20210418T041157760.fits'
 'ch2_cla_l1_20210418T041157760_20210418T041205760.fits'
 'ch2_cla_l1_20210418T041205760_20210418T041213760.fits'
 'ch2_cla_l1_20210418T041213760_20210418T041221760.fits'
 'ch2_cla_l1_20210418T041221760_20210418T041229760.fits'
 'ch2_cla_l1_20210418T041229760_20210418T041237760.fits'
 'ch2_cla_l1_20210418T041237760_20210418T041245760.fits'
 'ch2_cla_l1_20210418T041245760_20210418T041253760.fits'
 'ch2_cla_l1_20210418T041253760_20210418T041301760.fits'
 'ch2_cla_l1_20210418T041301760_20210418T041309760.fits'
 'ch2_cla_l1_20210418T041309760_20210418T041317760.fits'
 'ch2_cla_l1_20210418T041317760_20210418T041325760.fits'
 'ch2_cla_l1_20210418T041325760_20210418T041333760.fits'
 'ch2_cla_l1_20210418T041333760_20210418T041341760.fits'
 'ch2_cla_l1_20210418T041341760_20210418T041349760.fits'
 'ch2_cla_l1_20210418T041349760_20210418T041357760.fits'
 'ch2_cla_l1_20210418T041357760_20210418T041405760.fits'
 'ch2_cla_l1_20210418T041405760_20210418T041413760.fits'
 'ch2_cla_l1_20210418T041413760_20210418T041421760.fits'
 'ch2_cla_l1_20210418T041421760_20210418T041429760.fits'
 'ch2_cla_l1_20210418T041429760_20210418T041437760.fits'
 'ch2_cla_l1_20210418T041437760_20210418T041445760.fits'
 'ch2_cla_l1_20210418T041445760_20210418T041453760.fits'
 'ch2_cla_l1_20210418T041453760_20210418T041501760.fits'
 'ch2_cla_l1_20210418T041501760_20210418T041509760.fits'
 'ch2_cla_l1_20210418T041509760_20210418T041517760.fits'
 'ch2_cla_l1_20210418T041517760_20210418T041525760.fits'
 'ch2_cla_l1_20210418T041525760_20210418T041533760.fits'
 'ch2_cla_l1_20210418T041533760_20210418T041541760.fits'
 'ch2_cla_l1_20210418T041541760_20210418T041549760.fits'
 'ch2_cla_l1_20210418T041549760_20210418T041557760.fits'
 'ch2_cla_l1_20210418T041557760_20210418T041605760.fits'
 'ch2_cla_l1_20210418T041605760_20210418T041613760.fits'
 'ch2_cla_l1_20210418T041613760_20210418T041621760.fits'
 'ch2_cla_l1_20210418T041621760_20210418T041629760.fits'
 'ch2_cla_l1_20210418T041629760_20210418T041637760.fits'
 'ch2_cla_l1_20210418T041637760_20210418T041645760.fits'
 'ch2_cla_l1_20210418T041645760_20210418T041653760.fits'
 'ch2_cla_l1_20210418T041653760_20210418T041701760.fits'
 'ch2_cla_l1_20210418T041701760_20210418T041709760.fits'
 'ch2_cla_l1_20210418T041709760_20210418T041717760.fits'
 'ch2_cla_l1_20210418T041717760_20210418T041725760.fits'
 'ch2_cla_l1_20210418T041725760_20210418T041733760.fits'
 'ch2_cla_l1_20210418T041733760_20210418T041741760.fits'
 'ch2_cla_l1_20210418T041741760_20210418T041749760.fits'
 'ch2_cla_l1_20210418T041749760_20210418T041757760.fits'
 'ch2_cla_l1_20210418T041757760_20210418T041805760.fits'
 'ch2_cla_l1_20210418T041805760_20210418T041813760.fits'
 'ch2_cla_l1_20210418T041813760_20210418T041821760.fits'
 'ch2_cla_l1_20210418T041821760_20210418T041829760.fits'
 'ch2_cla_l1_20210418T041829760_20210418T041837760.fits'
 'ch2_cla_l1_20210418T041837760_20210418T041845760.fits'
 'ch2_cla_l1_20210418T041845760_20210418T041853760.fits'
 'ch2_cla_l1_20210418T041853760_20210418T041901760.fits'
 'ch2_cla_l1_20210418T041901760_20210418T041909760.fits'
 'ch2_cla_l1_20210418T041909760_20210418T041917760.fits'
 'ch2_cla_l1_20210418T041917760_20210418T041925760.fits'
 'ch2_cla_l1_20210418T041925760_20210418T041933760.fits'
 'ch2_cla_l1_20210418T041933760_20210418T041941760.fits'
 'ch2_cla_l1_20210418T041941760_20210418T041949760.fits'
 'ch2_cla_l1_20210418T041949760_20210418T041957760.fits'
 'ch2_cla_l1_20210418T041957760_20210418T042005760.fits'
 'ch2_cla_l1_20210418T042005760_20210418T042013760.fits'
 'ch2_cla_l1_20210418T042013760_20210418T042021760.fits'
 'ch2_cla_l1_20210418T042021760_20210418T042029760.fits'
 'ch2_cla_l1_20210418T042029760_20210418T042037760.fits'
 'ch2_cla_l1_20210418T042037760_20210418T042045760.fits'
 'ch2_cla_l1_20210418T042045760_20210418T042053760.fits'
 'ch2_cla_l1_20210418T042053760_20210418T042101760.fits'
 'ch2_cla_l1_20210418T042101760_20210418T042109760.fits'
 'ch2_cla_l1_20210418T042109760_20210418T042117760.fits'
 'ch2_cla_l1_20210418T042117760_20210418T042125760.fits'
 'ch2_cla_l1_20210418T042125760_20210418T042133760.fits'
 'ch2_cla_l1_20210418T042133760_20210418T042141760.fits'
 'ch2_cla_l1_20210418T042141760_20210418T042149760.fits'
 'ch2_cla_l1_20210418T042149760_20210418T042157760.fits'
 'ch2_cla_l1_20210418T042157760_20210418T042205760.fits'
 'ch2_cla_l1_20210418T042205760_20210418T042213760.fits'
 'ch2_cla_l1_20210418T042213760_20210418T042221760.fits'
 'ch2_cla_l1_20210418T042221760_20210418T042229760.fits'
 'ch2_cla_l1_20210418T042229760_20210418T042237760.fits'
 'ch2_cla_l1_20210418T042237760_20210418T042245760.fits'
 'ch2_cla_l1_20210418T042245760_20210418T042253760.fits'
 'ch2_cla_l1_20210418T042253760_20210418T042301760.fits'
 'ch2_cla_l1_20210418T042301760_20210418T042309760.fits'
 'ch2_cla_l1_20210418T042309760_20210418T042317760.fits'
 'ch2_cla_l1_20210418T042317760_20210418T042325760.fits'
 'ch2_cla_l1_20210418T042325760_20210418T042333760.fits'
 'ch2_cla_l1_20210418T042333760_20210418T042341760.fits'
 'ch2_cla_l1_20210418T042341760_20210418T042349760.fits'
 'ch2_cla_l1_20210418T042349760_20210418T042357760.fits'
 'ch2_cla_l1_20210418T042357760_20210418T042405760.fits'
 'ch2_cla_l1_20210418T042405760_20210418T042413760.fits'
 'ch2_cla_l1_20210418T042413760_20210418T042421760.fits'
 'ch2_cla_l1_20210418T042421760_20210418T042429760.fits'
 'ch2_cla_l1_20210418T042429760_20210418T042437760.fits'
 'ch2_cla_l1_20210418T042437760_20210418T042445760.fits'
 'ch2_cla_l1_20210418T042445760_20210418T042453760.fits'
 'ch2_cla_l1_20210418T042453760_20210418T042501760.fits'
 'ch2_cla_l1_20210418T042501760_20210418T042509760.fits'
 'ch2_cla_l1_20210418T042509760_20210418T042517760.fits'
 'ch2_cla_l1_20210418T042517760_20210418T042525760.fits'
 'ch2_cla_l1_20210418T042525760_20210418T042533760.fits'
 'ch2_cla_l1_20210418T042533760_20210418T042541760.fits'
 'ch2_cla_l1_20210418T042541760_20210418T042549760.fits'
 'ch2_cla_l1_20210418T042549760_20210418T042557760.fits'
 'ch2_cla_l1_20210418T042557760_20210418T042605760.fits'
 'ch2_cla_l1_20210418T042605760_20210418T042613760.fits'
 'ch2_cla_l1_20210418T042613760_20210418T042621760.fits'
 'ch2_cla_l1_20210418T042621760_20210418T042629760.fits'
 'ch2_cla_l1_20210418T042629760_20210418T042637760.fits'
 'ch2_cla_l1_20210418T042637760_20210418T042645760.fits'
 'ch2_cla_l1_20210418T042645760_20210418T042653760.fits'
 'ch2_cla_l1_20210418T042653760_20210418T042701760.fits'
 'ch2_cla_l1_20210418T042701760_20210418T042709760.fits'
 'ch2_cla_l1_20210418T042709760_20210418T042717760.fits'
 'ch2_cla_l1_20210418T042717760_20210418T042725760.fits'
 'ch2_cla_l1_20210418T042725760_20210418T042733760.fits'
 'ch2_cla_l1_20210418T042733760_20210418T042741760.fits'
 'ch2_cla_l1_20210418T042741760_20210418T042749760.fits'
 'ch2_cla_l1_20210418T042749760_20210418T042757760.fits'
 'ch2_cla_l1_20210418T042757760_20210418T042805760.fits'
 'ch2_cla_l1_20210418T042805760_20210418T042813760.fits'
 'ch2_cla_l1_20210418T042813760_20210418T042821760.fits'
 'ch2_cla_l1_20210418T042821760_20210418T042829760.fits'
 'ch2_cla_l1_20210418T042829760_20210418T042837760.fits'
 'ch2_cla_l1_20210418T042837760_20210418T042845760.fits'
 'ch2_cla_l1_20210418T042845760_20210418T042853760.fits'
 'ch2_cla_l1_20210418T042853760_20210418T042901760.fits'
 'ch2_cla_l1_20210418T042901760_20210418T042909760.fits'
 'ch2_cla_l1_20210418T042909760_20210418T042917760.fits'
 'ch2_cla_l1_20210418T042917760_20210418T042925760.fits'
 'ch2_cla_l1_20210418T042925760_20210418T042933760.fits'
 'ch2_cla_l1_20210418T042933760_20210418T042941760.fits'
 'ch2_cla_l1_20210418T042941760_20210418T042949760.fits'
 'ch2_cla_l1_20210418T042949760_20210418T042957760.fits'
 'ch2_cla_l1_20210418T042957760_20210418T043005760.fits'
 'ch2_cla_l1_20210418T043005760_20210418T043013760.fits'
 'ch2_cla_l1_20210418T043013760_20210418T043021760.fits'
 'ch2_cla_l1_20210418T043021760_20210418T043029760.fits']","['ch2_cla_l1_20210418T024850602_20210418T024858602.fits'
 'ch2_cla_l1_20210418T031501760_20210418T031509760.fits'
 'ch2_cla_l1_20210418T031509760_20210418T031517760.fits'
 'ch2_cla_l1_20210418T031517760_20210418T031525760.fits'
 'ch2_cla_l1_20210418T031525760_20210418T031533760.fits'
 'ch2_cla_l1_20210418T031533760_20210418T031541760.fits'
 'ch2_cla_l1_20210418T031541760_20210418T031549760.fits'
 'ch2_cla_l1_20210418T031549760_20210418T031557760.fits'
 'ch2_cla_l1_20210418T031557760_20210418T031605760.fits'
 'ch2_cla_l1_20210418T031605760_20210418T031613760.fits'
 'ch2_cla_l1_20210418T031613760_20210418T031621760.fits'
 'ch2_cla_l1_20210418T031621760_20210418T031629760.fits'
 'ch2_cla_l1_20210418T031629760_20210418T031637760.fits'
 'ch2_cla_l1_20210418T031637760_20210418T031645760.fits'
 'ch2_cla_l1_20210418T031645760_20210418T031653760.fits'
 'ch2_cla_l1_20210418T031653760_20210418T031701760.fits'
 'ch2_cla_l1_20210418T031701760_20210418T031709760.fits'
 'ch2_cla_l1_20210418T031709760_20210418T031717760.fits'
 'ch2_cla_l1_20210418T031717760_20210418T031725760.fits'
 'ch2_cla_l1_20210418T031725760_20210418T031733760.fits'
 'ch2_cla_l1_20210418T031733760_20210418T031741760.fits'
 'ch2_cla_l1_20210418T031741760_20210418T031749760.fits'
 'ch2_cla_l1_20210418T031749760_20210418T031757760.fits'
 'ch2_cla_l1_20210418T031757760_20210418T031805760.fits'
 'ch2_cla_l1_20210418T031805760_20210418T031813760.fits'
 'ch2_cla_l1_20210418T031813760_20210418T031821760.fits'
 'ch2_cla_l1_20210418T031821760_20210418T031829760.fits'
 'ch2_cla_l1_20210418T031829760_20210418T031837760.fits'
 'ch2_cla_l1_20210418T031837760_20210418T031845760.fits'
 'ch2_cla_l1_20210418T031845760_20210418T031853760.fits'
 'ch2_cla_l1_20210418T031853760_20210418T031901760.fits'
 'ch2_cla_l1_20210418T031901760_20210418T031909760.fits'
 'ch2_cla_l1_20210418T031909760_20210418T031917760.fits'
 'ch2_cla_l1_20210418T031917760_20210418T031925760.fits'
 'ch2_cla_l1_20210418T031925760_20210418T031933760.fits'
 'ch2_cla_l1_20210418T031933760_20210418T031941760.fits'
 'ch2_cla_l1_20210418T031941760_20210418T031949760.fits'
 'ch2_cla_l1_20210418T031949760_20210418T031957760.fits'
 'ch2_cla_l1_20210418T031957760_20210418T032005760.fits'
 'ch2_cla_l1_20210418T032005760_20210418T032013760.fits'
 'ch2_cla_l1_20210418T032013760_20210418T032021760.fits'
 'ch2_cla_l1_20210418T032021760_20210418T032029760.fits'
 'ch2_cla_l1_20210418T032029760_20210418T032037760.fits'
 'ch2_cla_l1_20210418T032037760_20210418T032045760.fits'
 'ch2_cla_l1_20210418T032045760_20210418T032053760.fits'
 'ch2_cla_l1_20210418T032053760_20210418T032101760.fits'
 'ch2_cla_l1_20210418T032101760_20210418T032109760.fits'
 'ch2_cla_l1_20210418T032109760_20210418T032117760.fits'
 'ch2_cla_l1_20210418T032117760_20210418T032125760.fits'
 'ch2_cla_l1_20210418T032125760_20210418T032133760.fits'
 'ch2_cla_l1_20210418T032133760_20210418T032141760.fits'
 'ch2_cla_l1_20210418T032141760_20210418T032149760.fits'
 'ch2_cla_l1_20210418T032149760_20210418T032157760.fits'
 'ch2_cla_l1_20210418T032157760_20210418T032205760.fits'
 'ch2_cla_l1_20210418T032205760_20210418T032213760.fits'
 'ch2_cla_l1_20210418T032213760_20210418T032221760.fits'
 'ch2_cla_l1_20210418T032221760_20210418T032229760.fits'
 'ch2_cla_l1_20210418T032229760_20210418T032237760.fits'
 'ch2_cla_l1_20210418T032237760_20210418T032245760.fits'
 'ch2_cla_l1_20210418T032245760_20210418T032253760.fits'
 'ch2_cla_l1_20210418T032253760_20210418T032301760.fits'
 'ch2_cla_l1_20210418T032301760_20210418T032309760.fits'
 'ch2_cla_l1_20210418T032309760_20210418T032317760.fits'
 'ch2_cla_l1_20210418T032317760_20210418T032325760.fits'
 'ch2_cla_l1_20210418T032325760_20210418T032333760.fits'
 'ch2_cla_l1_20210418T032333760_20210418T032341760.fits'
 'ch2_cla_l1_20210418T032341760_20210418T032349760.fits'
 'ch2_cla_l1_20210418T032349760_20210418T032357760.fits'
 'ch2_cla_l1_20210418T032357760_20210418T032405760.fits'
 'ch2_cla_l1_20210418T032405760_20210418T032413760.fits'
 'ch2_cla_l1_20210418T032413760_20210418T032421760.fits'
 'ch2_cla_l1_20210418T032421760_20210418T032429760.fits'
 'ch2_cla_l1_20210418T032429760_20210418T032437760.fits'
 'ch2_cla_l1_20210418T032437760_20210418T032445760.fits'
 'ch2_cla_l1_20210418T032445760_20210418T032453760.fits'
 'ch2_cla_l1_20210418T032453760_20210418T032501760.fits'
 'ch2_cla_l1_20210418T032501760_20210418T032509760.fits'
 'ch2_cla_l1_20210418T032509760_20210418T032517760.fits'
 'ch2_cla_l1_20210418T032517760_20210418T032525760.fits'
 'ch2_cla_l1_20210418T032525760_20210418T032533760.fits'
 'ch2_cla_l1_20210418T032533760_20210418T032541760.fits'
 'ch2_cla_l1_20210418T032541760_20210418T032549760.fits'
 'ch2_cla_l1_20210418T032549760_20210418T032557760.fits'
 'ch2_cla_l1_20210418T032557760_20210418T032605760.fits'
 'ch2_cla_l1_20210418T032605760_20210418T032613760.fits'
 'ch2_cla_l1_20210418T032613760_20210418T032621760.fits'
 'ch2_cla_l1_20210418T032621760_20210418T032629760.fits'
 'ch2_cla_l1_20210418T032629760_20210418T032637760.fits'
 'ch2_cla_l1_20210418T032637760_20210418T032645760.fits'
 'ch2_cla_l1_20210418T032645760_20210418T032653760.fits'
 'ch2_cla_l1_20210418T032653760_20210418T032701760.fits'
 'ch2_cla_l1_20210418T032701760_20210418T032709760.fits'
 'ch2_cla_l1_20210418T032709760_20210418T032717760.fits'
 'ch2_cla_l1_20210418T032717760_20210418T032725760.fits'
 'ch2_cla_l1_20210418T032725760_20210418T032733760.fits'
 'ch2_cla_l1_20210418T032733760_20210418T032741760.fits'
 'ch2_cla_l1_20210418T032741760_20210418T032749760.fits'
 'ch2_cla_l1_20210418T032749760_20210418T032757760.fits'
 'ch2_cla_l1_20210418T032757760_20210418T032805760.fits'
 'ch2_cla_l1_20210418T032805760_20210418T032813760.fits'
 'ch2_cla_l1_20210418T032813760_20210418T032821760.fits'
 'ch2_cla_l1_20210418T032821760_20210418T032829760.fits'
 'ch2_cla_l1_20210418T032829760_20210418T032837760.fits'
 'ch2_cla_l1_20210418T032837760_20210418T032845760.fits'
 'ch2_cla_l1_20210418T032845760_20210418T032853760.fits'
 'ch2_cla_l1_20210418T032853760_20210418T032901760.fits'
 'ch2_cla_l1_20210418T032901760_20210418T032909760.fits'
 'ch2_cla_l1_20210418T032909760_20210418T032917760.fits'
 'ch2_cla_l1_20210418T032917760_20210418T032925760.fits'
 'ch2_cla_l1_20210418T032925760_20210418T032933760.fits'
 'ch2_cla_l1_20210418T032933760_20210418T032941760.fits'
 'ch2_cla_l1_20210418T032941760_20210418T032949760.fits'
 'ch2_cla_l1_20210418T032949760_20210418T032957760.fits'
 'ch2_cla_l1_20210418T032957760_20210418T033005760.fits'
 'ch2_cla_l1_20210418T033005760_20210418T033013760.fits'
 'ch2_cla_l1_20210418T033013760_20210418T033021760.fits'
 'ch2_cla_l1_20210418T043117760_20210418T043125760.fits'
 'ch2_cla_l1_20210418T043125760_20210418T043133760.fits'
 'ch2_cla_l1_20210418T043133760_20210418T043141760.fits'
 'ch2_cla_l1_20210418T043141760_20210418T043149760.fits'
 'ch2_cla_l1_20210418T043149760_20210418T043157760.fits'
 'ch2_cla_l1_20210418T043157760_20210418T043205760.fits'
 'ch2_cla_l1_20210418T043205760_20210418T043213760.fits'
 'ch2_cla_l1_20210418T043213760_20210418T043221760.fits'
 'ch2_cla_l1_20210418T043221760_20210418T043229760.fits'
 'ch2_cla_l1_20210418T043229760_20210418T043237760.fits'
 'ch2_cla_l1_20210418T043237760_20210418T043245760.fits'
 'ch2_cla_l1_20210418T043245760_20210418T043253760.fits'
 'ch2_cla_l1_20210418T043253760_20210418T043301760.fits'
 'ch2_cla_l1_20210418T043301760_20210418T043309760.fits'
 'ch2_cla_l1_20210418T043309760_20210418T043317760.fits'
 'ch2_cla_l1_20210418T043317760_20210418T043325760.fits'
 'ch2_cla_l1_20210418T043325760_20210418T043333760.fits'
 'ch2_cla_l1_20210418T043333760_20210418T043341760.fits'
 'ch2_cla_l1_20210418T043341760_20210418T043349760.fits'
 'ch2_cla_l1_20210418T043349760_20210418T043357760.fits'
 'ch2_cla_l1_20210418T043357760_20210418T043405760.fits'
 'ch2_cla_l1_20210418T043405760_20210418T043413760.fits'
 'ch2_cla_l1_20210418T043413760_20210418T043421760.fits'
 'ch2_cla_l1_20210418T043421760_20210418T043429760.fits'
 'ch2_cla_l1_20210418T043429760_20210418T043437760.fits'
 'ch2_cla_l1_20210418T043437760_20210418T043445760.fits'
 'ch2_cla_l1_20210418T043445760_20210418T043453760.fits'
 'ch2_cla_l1_20210418T043453760_20210418T043501760.fits'
 'ch2_cla_l1_20210418T043501760_20210418T043509760.fits'
 'ch2_cla_l1_20210418T043509760_20210418T043517760.fits'
 'ch2_cla_l1_20210418T043517760_20210418T043525760.fits'
 'ch2_cla_l1_20210418T043525760_20210418T043533760.fits'
 'ch2_cla_l1_20210418T043533760_20210418T043541760.fits'
 'ch2_cla_l1_20210418T043541760_20210418T043549760.fits'
 'ch2_cla_l1_20210418T043549760_20210418T043557760.fits'
 'ch2_cla_l1_20210418T043557760_20210418T043605760.fits'
 'ch2_cla_l1_20210418T043605760_20210418T043613760.fits'
 'ch2_cla_l1_20210418T043613760_20210418T043621760.fits'
 'ch2_cla_l1_20210418T043621760_20210418T043629760.fits'
 'ch2_cla_l1_20210418T043629760_20210418T043637760.fits'
 'ch2_cla_l1_20210418T043637760_20210418T043645760.fits'
 'ch2_cla_l1_20210418T043645760_20210418T043653760.fits'
 'ch2_cla_l1_20210418T043653760_20210418T043701760.fits'
 'ch2_cla_l1_20210418T043701760_20210418T043709760.fits'
 'ch2_cla_l1_20210418T043709760_20210418T043717760.fits'
 'ch2_cla_l1_20210418T043717760_20210418T043725760.fits'
 'ch2_cla_l1_20210418T043725760_20210418T043733760.fits'
 'ch2_cla_l1_20210418T043733760_20210418T043741760.fits'
 'ch2_cla_l1_20210418T043741760_20210418T043749760.fits'
 'ch2_cla_l1_20210418T043749760_20210418T043757760.fits'
 'ch2_cla_l1_20210418T043757760_20210418T043805760.fits'
 'ch2_cla_l1_20210418T043805760_20210418T043813760.fits'
 'ch2_cla_l1_20210418T043813760_20210418T043821760.fits'
 'ch2_cla_l1_20210418T043821760_20210418T043829760.fits'
 'ch2_cla_l1_20210418T043829760_20210418T043837760.fits'
 'ch2_cla_l1_20210418T043837760_20210418T043845760.fits'
 'ch2_cla_l1_20210418T043845760_20210418T043853760.fits'
 'ch2_cla_l1_20210418T043853760_20210418T043901760.fits'
 'ch2_cla_l1_20210418T043901760_20210418T043909760.fits'
 'ch2_cla_l1_20210418T043909760_20210418T043917760.fits'
 'ch2_cla_l1_20210418T043917760_20210418T043925760.fits'
 'ch2_cla_l1_20210418T043925760_20210418T043933760.fits'
 'ch2_cla_l1_20210418T043933760_20210418T043941760.fits'
 'ch2_cla_l1_20210418T043941760_20210418T043949760.fits'
 'ch2_cla_l1_20210418T043949760_20210418T043957760.fits'
 'ch2_cla_l1_20210418T043957760_20210418T044005760.fits'
 'ch2_cla_l1_20210418T044005760_20210418T044013760.fits'
 'ch2_cla_l1_20210418T044013760_20210418T044021760.fits'
 'ch2_cla_l1_20210418T044021760_20210418T044029760.fits'
 'ch2_cla_l1_20210418T044029760_20210418T044037760.fits'
 'ch2_cla_l1_20210418T044037760_20210418T044045760.fits'
 'ch2_cla_l1_20210418T044045760_20210418T044053760.fits'
 'ch2_cla_l1_20210418T044053760_20210418T044101760.fits'
 'ch2_cla_l1_20210418T044101760_20210418T044109760.fits'
 'ch2_cla_l1_20210418T044109760_20210418T044117760.fits'
 'ch2_cla_l1_20210418T044117760_20210418T044125760.fits'
 'ch2_cla_l1_20210418T044125760_20210418T044133760.fits'
 'ch2_cla_l1_20210418T044133760_20210418T044141760.fits'
 'ch2_cla_l1_20210418T044141760_20210418T044149760.fits'
 'ch2_cla_l1_20210418T044149760_20210418T044157760.fits'
 'ch2_cla_l1_20210418T044157760_20210418T044205760.fits'
 'ch2_cla_l1_20210418T044205760_20210418T044213760.fits'
 'ch2_cla_l1_20210418T044213760_20210418T044221760.fits'
 'ch2_cla_l1_20210418T044221760_20210418T044229760.fits'
 'ch2_cla_l1_20210418T044229760_20210418T044237760.fits'
 'ch2_cla_l1_20210418T044237760_20210418T044245760.fits'
 'ch2_cla_l1_20210418T044245760_20210418T044253760.fits'
 'ch2_cla_l1_20210418T044253760_20210418T044301760.fits'
 'ch2_cla_l1_20210418T044301760_20210418T044309760.fits'
 'ch2_cla_l1_20210418T044309760_20210418T044317760.fits'
 'ch2_cla_l1_20210418T044317760_20210418T044325760.fits'
 'ch2_cla_l1_20210418T044325760_20210418T044333760.fits'
 'ch2_cla_l1_20210418T044333760_20210418T044341760.fits'
 'ch2_cla_l1_20210418T044341760_20210418T044349760.fits'
 'ch2_cla_l1_20210418T044349760_20210418T044357760.fits'
 'ch2_cla_l1_20210418T044357760_20210418T044405760.fits'
 'ch2_cla_l1_20210418T044405760_20210418T044413760.fits'
 'ch2_cla_l1_20210418T044413760_20210418T044421760.fits'
 'ch2_cla_l1_20210418T044421760_20210418T044429760.fits'
 'ch2_cla_l1_20210418T044429760_20210418T044437760.fits'
 'ch2_cla_l1_20210418T044437760_20210418T044445760.fits'
 'ch2_cla_l1_20210418T044445760_20210418T044453760.fits'
 'ch2_cla_l1_20210418T044453760_20210418T044501760.fits'
 'ch2_cla_l1_20210418T044501760_20210418T044509760.fits'
 'ch2_cla_l1_20210418T044509760_20210418T044517760.fits'
 'ch2_cla_l1_20210418T044517760_20210418T044525760.fits'
 'ch2_cla_l1_20210418T044525760_20210418T044533760.fits'
 'ch2_cla_l1_20210418T044533760_20210418T044541760.fits'
 'ch2_cla_l1_20210418T044541760_20210418T044549760.fits'
 'ch2_cla_l1_20210418T044549760_20210418T044557760.fits'
 'ch2_cla_l1_20210418T044557760_20210418T044605760.fits'
 'ch2_cla_l1_20210418T044605760_20210418T044613760.fits'
 'ch2_cla_l1_20210418T044613760_20210418T044621760.fits'
 'ch2_cla_l1_20210418T044621760_20210418T044629760.fits']"
"['ch2_cla_l1_20210418T052840916_20210418T052848916.fits'
 'ch2_cla_l1_20210418T052848916_20210418T052856916.fits'
 'ch2_cla_l1_20210418T052856916_20210418T052904916.fits'
 'ch2_cla_l1_20210418T052904916_20210418T052912916.fits'
 'ch2_cla_l1_20210418T052912916_20210418T052920916.fits'
 'ch2_cla_l1_20210418T052920916_20210418T052928916.fits'
 'ch2_cla_l1_20210418T052928916_20210418T052936916.fits'
 'ch2_cla_l1_20210418T052936916_20210418T052944916.fits'
 'ch2_cla_l1_20210418T052944916_20210418T052952916.fits'
 'ch2_cla_l1_20210418T052952916_20210418T053000916.fits'
 'ch2_cla_l1_20210418T053000916_20210418T053008916.fits'
 'ch2_cla_l1_20210418T053008916_20210418T053016916.fits'
 'ch2_cla_l1_20210418T053016916_20210418T053024916.fits'
 'ch2_cla_l1_20210418T053024916_20210418T053032916.fits'
 'ch2_cla_l1_20210418T053032916_20210418T053040916.fits'
 'ch2_cla_l1_20210418T053040916_20210418T053048916.fits'
 'ch2_cla_l1_20210418T053048916_20210418T053056916.fits'
 'ch2_cla_l1_20210418T053056916_20210418T053104916.fits'
 'ch2_cla_l1_20210418T053104916_20210418T053112916.fits'
 'ch2_cla_l1_20210418T053112916_20210418T053120916.fits'
 'ch2_cla_l1_20210418T053120916_20210418T053128916.fits'
 'ch2_cla_l1_20210418T053128916_20210418T053136916.fits'
 'ch2_cla_l1_20210418T053136916_20210418T053144916.fits'
 'ch2_cla_l1_20210418T053144916_20210418T053152916.fits'
 'ch2_cla_l1_20210418T053152916_20210418T053200916.fits'
 'ch2_cla_l1_20210418T053200916_20210418T053208916.fits'
 'ch2_cla_l1_20210418T053208916_20210418T053216916.fits'
 'ch2_cla_l1_20210418T053216916_20210418T053224916.fits'
 'ch2_cla_l1_20210418T053224916_20210418T053232916.fits'
 'ch2_cla_l1_20210418T053232916_20210418T053240916.fits'
 'ch2_cla_l1_20210418T053240916_20210418T053248916.fits'
 'ch2_cla_l1_20210418T053248916_20210418T053256916.fits'
 'ch2_cla_l1_20210418T053256916_20210418T053304916.fits'
 'ch2_cla_l1_20210418T053304916_20210418T053312916.fits'
 'ch2_cla_l1_20210418T053312916_20210418T053320916.fits'
 'ch2_cla_l1_20210418T053320916_20210418T053328916.fits'
 'ch2_cla_l1_20210418T053328916_20210418T053336916.fits'
 'ch2_cla_l1_20210418T053336916_20210418T053344916.fits'
 'ch2_cla_l1_20210418T053344916_20210418T053352916.fits'
 'ch2_cla_l1_20210418T053352916_20210418T053400916.fits'
 'ch2_cla_l1_20210418T053400916_20210418T053408916.fits'
 'ch2_cla_l1_20210418T053408916_20210418T053416916.fits'
 'ch2_cla_l1_20210418T053416916_20210418T053424916.fits'
 'ch2_cla_l1_20210418T053424916_20210418T053432916.fits'
 'ch2_cla_l1_20210418T053432916_20210418T053440916.fits'
 'ch2_cla_l1_20210418T053440916_20210418T053448916.fits'
 'ch2_cla_l1_20210418T053448916_20210418T053456916.fits'
 'ch2_cla_l1_20210418T053456916_20210418T053504916.fits'
 'ch2_cla_l1_20210418T053504916_20210418T053512916.fits'
 'ch2_cla_l1_20210418T053512916_20210418T053520916.fits'
 'ch2_cla_l1_20210418T053520916_20210418T053528916.fits'
 'ch2_cla_l1_20210418T053528916_20210418T053536916.fits'
 'ch2_cla_l1_20210418T053536916_20210418T053544916.fits'
 'ch2_cla_l1_20210418T053544916_20210418T053552916.fits'
 'ch2_cla_l1_20210418T053552916_20210418T053600916.fits'
 'ch2_cla_l1_20210418T053600916_20210418T053608916.fits'
 'ch2_cla_l1_20210418T053608916_20210418T053616916.fits'
 'ch2_cla_l1_20210418T053616916_20210418T053624916.fits'
 'ch2_cla_l1_20210418T053624916_20210418T053632916.fits'
 'ch2_cla_l1_20210418T053632916_20210418T053640916.fits'
 'ch2_cla_l1_20210418T053640916_20210418T053648916.fits'
 'ch2_cla_l1_20210418T053648916_20210418T053656916.fits'
 'ch2_cla_l1_20210418T053656916_20210418T053704916.fits'
 'ch2_cla_l1_20210418T053704916_20210418T053712916.fits'
 'ch2_cla_l1_20210418T053712916_20210418T053720916.fits'
 'ch2_cla_l1_20210418T053720916_20210418T053728916.fits'
 'ch2_cla_l1_20210418T053728916_20210418T053736916.fits'
 'ch2_cla_l1_20210418T053736916_20210418T053744916.fits'
 'ch2_cla_l1_20210418T053744916_20210418T053752916.fits'
 'ch2_cla_l1_20210418T053752916_20210418T053800916.fits'
 'ch2_cla_l1_20210418T053800916_20210418T053808916.fits'
 'ch2_cla_l1_20210418T053808916_20210418T053816916.fits'
 'ch2_cla_l1_20210418T053816916_20210418T053824916.fits'
 'ch2_cla_l1_20210418T053824916_20210418T053832916.fits'
 'ch2_cla_l1_20210418T053832916_20210418T053840916.fits'
 'ch2_cla_l1_20210418T053840916_20210418T053848916.fits'
 'ch2_cla_l1_20210418T053848916_20210418T053856916.fits'
 'ch2_cla_l1_20210418T053856916_20210418T053904916.fits'
 'ch2_cla_l1_20210418T053904916_20210418T053912916.fits'
 'ch2_cla_l1_20210418T053912916_20210418T053920916.fits'
 'ch2_cla_l1_20210418T053920916_20210418T053928916.fits'
 'ch2_cla_l1_20210418T053928916_20210418T053936916.fits'
 'ch2_cla_l1_20210418T053936916_20210418T053944916.fits'
 'ch2_cla_l1_20210418T053944916_20210418T053952916.fits'
 'ch2_cla_l1_20210418T053952916_20210418T054000916.fits'
 'ch2_cla_l1_20210418T054000916_20210418T054008916.fits'
 'ch2_cla_l1_20210418T054008916_20210418T054016916.fits'
 'ch2_cla_l1_20210418T054016916_20210418T054024916.fits'
 'ch2_cla_l1_20210418T054024916_20210418T054032916.fits'
 'ch2_cla_l1_20210418T054032916_20210418T054040916.fits'
 'ch2_cla_l1_20210418T054040916_20210418T054048916.fits'
 'ch2_cla_l1_20210418T054048916_20210418T054056916.fits'
 'ch2_cla_l1_20210418T054056916_20210418T054104916.fits'
 'ch2_cla_l1_20210418T054104916_20210418T054112916.fits'
 'ch2_cla_l1_20210418T054112916_20210418T054120916.fits'
 'ch2_cla_l1_20210418T054120916_20210418T054128916.fits'
 'ch2_cla_l1_20210418T054128916_20210418T054136916.fits'
 'ch2_cla_l1_20210418T054136916_20210418T054144916.fits'
 'ch2_cla_l1_20210418T054144916_20210418T054152916.fits'
 'ch2_cla_l1_20210418T054152916_20210418T054200916.fits'
 'ch2_cla_l1_20210418T054200916_20210418T054208916.fits'
 'ch2_cla_l1_20210418T054208916_20210418T054216916.fits'
 'ch2_cla_l1_20210418T054216916_20210418T054224916.fits'
 'ch2_cla_l1_20210418T054224916_20210418T054232916.fits'
 'ch2_cla_l1_20210418T054232916_20210418T054240916.fits'
 'ch2_cla_l1_20210418T054240916_20210418T054248916.fits'
 'ch2_cla_l1_20210418T054248916_20210418T054256916.fits'
 'ch2_cla_l1_20210418T054256916_20210418T054304916.fits'
 'ch2_cla_l1_20210418T054304916_20210418T054312916.fits'
 'ch2_cla_l1_20210418T054312916_20210418T054320916.fits'
 'ch2_cla_l1_20210418T054320916_20210418T054328916.fits'
 'ch2_cla_l1_20210418T054328916_20210418T054336916.fits'
 'ch2_cla_l1_20210418T054336916_20210418T054344916.fits'
 'ch2_cla_l1_20210418T054344916_20210418T054352916.fits'
 'ch2_cla_l1_20210418T054352916_20210418T054400916.fits'
 'ch2_cla_l1_20210418T054400916_20210418T054408916.fits'
 'ch2_cla_l1_20210418T054408916_20210418T054416916.fits'
 'ch2_cla_l1_20210418T054416916_20210418T054424916.fits'
 'ch2_cla_l1_20210418T054424916_20210418T054432916.fits'
 'ch2_cla_l1_20210418T054432916_20210418T054440916.fits'
 'ch2_cla_l1_20210418T054440916_20210418T054448916.fits'
 'ch2_cla_l1_20210418T054448916_20210418T054456916.fits'
 'ch2_cla_l1_20210418T054456916_20210418T054504916.fits'
 'ch2_cla_l1_20210418T054504916_20210418T054512916.fits'
 'ch2_cla_l1_20210418T054512916_20210418T054520916.fits'
 'ch2_cla_l1_20210418T054520916_20210418T054528916.fits'
 'ch2_cla_l1_20210418T054528916_20210418T054536916.fits'
 'ch2_cla_l1_20210418T054536916_20210418T054544916.fits'
 'ch2_cla_l1_20210418T054544916_20210418T054552916.fits'
 'ch2_cla_l1_20210418T054552916_20210418T054600916.fits'
 'ch2_cla_l1_20210418T054600916_20210418T054608916.fits'
 'ch2_cla_l1_20210418T054608916_20210418T054616916.fits'
 'ch2_cla_l1_20210418T054616916_20210418T054624916.fits'
 'ch2_cla_l1_20210418T054624916_20210418T054632916.fits'
 'ch2_cla_l1_20210418T054632916_20210418T054640916.fits'
 'ch2_cla_l1_20210418T054640916_20210418T054648916.fits'
 'ch2_cla_l1_20210418T054648916_20210418T054656916.fits'
 'ch2_cla_l1_20210418T054656916_20210418T054704916.fits'
 'ch2_cla_l1_20210418T054704916_20210418T054712916.fits'
 'ch2_cla_l1_20210418T054712916_20210418T054720916.fits'
 'ch2_cla_l1_20210418T054720916_20210418T054728916.fits'
 'ch2_cla_l1_20210418T054728916_20210418T054736916.fits'
 'ch2_cla_l1_20210418T054736916_20210418T054744916.fits'
 'ch2_cla_l1_20210418T054744916_20210418T054752916.fits'
 'ch2_cla_l1_20210418T054752916_20210418T054800916.fits'
 'ch2_cla_l1_20210418T054800916_20210418T054808916.fits'
 'ch2_cla_l1_20210418T054808916_20210418T054816916.fits'
 'ch2_cla_l1_20210418T054816916_20210418T054824916.fits'
 'ch2_cla_l1_20210418T054824916_20210418T054832916.fits'
 'ch2_cla_l1_20210418T054832916_20210418T054840916.fits'
 'ch2_cla_l1_20210418T054840916_20210418T054848916.fits'
 'ch2_cla_l1_20210418T054848916_20210418T054856916.fits'
 'ch2_cla_l1_20210418T054856916_20210418T054904916.fits'
 'ch2_cla_l1_20210418T054904916_20210418T054912916.fits'
 'ch2_cla_l1_20210418T054912916_20210418T054920916.fits'
 'ch2_cla_l1_20210418T054920916_20210418T054928916.fits'
 'ch2_cla_l1_20210418T054928916_20210418T054936916.fits'
 'ch2_cla_l1_20210418T054936916_20210418T054944916.fits'
 'ch2_cla_l1_20210418T054944916_20210418T054952916.fits'
 'ch2_cla_l1_20210418T054952916_20210418T055000916.fits'
 'ch2_cla_l1_20210418T055000916_20210418T055008916.fits'
 'ch2_cla_l1_20210418T055008916_20210418T055016916.fits'
 'ch2_cla_l1_20210418T055016916_20210418T055024916.fits'
 'ch2_cla_l1_20210418T055024916_20210418T055032916.fits'
 'ch2_cla_l1_20210418T055032916_20210418T055040916.fits'
 'ch2_cla_l1_20210418T055040916_20210418T055048916.fits'
 'ch2_cla_l1_20210418T055048916_20210418T055056916.fits'
 'ch2_cla_l1_20210418T055056916_20210418T055104916.fits'
 'ch2_cla_l1_20210418T055104916_20210418T055112916.fits'
 'ch2_cla_l1_20210418T055112916_20210418T055120916.fits'
 'ch2_cla_l1_20210418T055120916_20210418T055128916.fits'
 'ch2_cla_l1_20210418T055128916_20210418T055136916.fits'
 'ch2_cla_l1_20210418T055136916_20210418T055144916.fits'
 'ch2_cla_l1_20210418T055144916_20210418T055152916.fits'
 'ch2_cla_l1_20210418T055152916_20210418T055200916.fits'
 'ch2_cla_l1_20210418T055200916_20210418T055208916.fits'
 'ch2_cla_l1_20210418T055208916_20210418T055216916.fits'
 'ch2_cla_l1_20210418T055216916_20210418T055224916.fits'
 'ch2_cla_l1_20210418T055224916_20210418T055232916.fits'
 'ch2_cla_l1_20210418T055232916_20210418T055240916.fits'
 'ch2_cla_l1_20210418T055240916_20210418T055248916.fits'
 'ch2_cla_l1_20210418T055248916_20210418T055256916.fits'
 'ch2_cla_l1_20210418T055256916_20210418T055304916.fits'
 'ch2_cla_l1_20210418T055304916_20210418T055312916.fits'
 'ch2_cla_l1_20210418T055312916_20210418T055320916.fits'
 'ch2_cla_l1_20210418T055320916_20210418T055328916.fits'
 'ch2_cla_l1_20210418T055328916_20210418T055336916.fits'
 'ch2_cla_l1_20210418T055336916_20210418T055344916.fits'
 'ch2_cla_l1_20210418T055344916_20210418T055352916.fits'
 'ch2_cla_l1_20210418T055352916_20210418T055400916.fits'
 'ch2_cla_l1_20210418T055400916_20210418T055408916.fits'
 'ch2_cla_l1_20210418T055408916_20210418T055416916.fits'
 'ch2_cla_l1_20210418T055416916_20210418T055424916.fits'
 'ch2_cla_l1_20210418T055424916_20210418T055432916.fits'
 'ch2_cla_l1_20210418T055432916_20210418T055440916.fits'
 'ch2_cla_l1_20210418T055440916_20210418T055448916.fits'
 'ch2_cla_l1_20210418T055448916_20210418T055456916.fits'
 'ch2_cla_l1_20210418T055456916_20210418T055504916.fits'
 'ch2_cla_l1_20210418T055504916_20210418T055512916.fits'
 'ch2_cla_l1_20210418T055512916_20210418T055520916.fits'
 'ch2_cla_l1_20210418T055520916_20210418T055528916.fits'
 'ch2_cla_l1_20210418T055528916_20210418T055536916.fits'
 'ch2_cla_l1_20210418T055536916_20210418T055544916.fits'
 'ch2_cla_l1_20210418T055544916_20210418T055552916.fits'
 'ch2_cla_l1_20210418T055552916_20210418T055600916.fits'
 'ch2_cla_l1_20210418T055600916_20210418T055608916.fits'
 'ch2_cla_l1_20210418T055608916_20210418T055616916.fits'
 'ch2_cla_l1_20210418T055616916_20210418T055624916.fits'
 'ch2_cla_l1_20210418T055624916_20210418T055632916.fits'
 'ch2_cla_l1_20210418T055632916_20210418T055640916.fits'
 'ch2_cla_l1_20210418T055640916_20210418T055648916.fits'
 'ch2_cla_l1_20210418T055648916_20210418T055656916.fits'
 'ch2_cla_l1_20210418T055656916_20210418T055704916.fits'
 'ch2_cla_l1_20210418T055704916_20210418T055712916.fits'
 'ch2_cla_l1_20210418T055712916_20210418T055720916.fits'
 'ch2_cla_l1_20210418T055720916_20210418T055728916.fits'
 'ch2_cla_l1_20210418T055728916_20210418T055736916.fits'
 'ch2_cla_l1_20210418T055736916_20210418T055744916.fits'
 'ch2_cla_l1_20210418T055744916_20210418T055752916.fits'
 'ch2_cla_l1_20210418T055752916_20210418T055800916.fits'
 'ch2_cla_l1_20210418T055800916_20210418T055808916.fits'
 'ch2_cla_l1_20210418T055808916_20210418T055816916.fits'
 'ch2_cla_l1_20210418T055816916_20210418T055824916.fits'
 'ch2_cla_l1_20210418T055824916_20210418T055832916.fits'
 'ch2_cla_l1_20210418T055832916_20210418T055840916.fits'
 'ch2_cla_l1_20210418T055840916_20210418T055848916.fits'
 'ch2_cla_l1_20210418T055848916_20210418T055856916.fits'
 'ch2_cla_l1_20210418T055856916_20210418T055904916.fits'
 'ch2_cla_l1_20210418T055904916_20210418T055912916.fits'
 'ch2_cla_l1_20210418T055912916_20210418T055920916.fits'
 'ch2_cla_l1_20210418T055920916_20210418T055928916.fits'
 'ch2_cla_l1_20210418T055928916_20210418T055936916.fits'
 'ch2_cla_l1_20210418T055936916_20210418T055944916.fits'
 'ch2_cla_l1_20210418T055944916_20210418T055952916.fits'
 'ch2_cla_l1_20210418T055952916_20210418T060000916.fits'
 'ch2_cla_l1_20210418T060000916_20210418T060008916.fits'
 'ch2_cla_l1_20210418T060008916_20210418T060016916.fits'
 'ch2_cla_l1_20210418T060016916_20210418T060024916.fits'
 'ch2_cla_l1_20210418T060024916_20210418T060032916.fits'
 'ch2_cla_l1_20210418T060032916_20210418T060040916.fits'
 'ch2_cla_l1_20210418T060040916_20210418T060048916.fits'
 'ch2_cla_l1_20210418T060048916_20210418T060056916.fits'
 'ch2_cla_l1_20210418T060056916_20210418T060104916.fits'
 'ch2_cla_l1_20210418T060104916_20210418T060112916.fits'
 'ch2_cla_l1_20210418T060112916_20210418T060120916.fits'
 'ch2_cla_l1_20210418T060120916_20210418T060128916.fits'
 'ch2_cla_l1_20210418T060128916_20210418T060136916.fits'
 'ch2_cla_l1_20210418T060136916_20210418T060144916.fits'
 'ch2_cla_l1_20210418T060144916_20210418T060152916.fits'
 'ch2_cla_l1_20210418T060152916_20210418T060200916.fits'
 'ch2_cla_l1_20210418T060200916_20210418T060208916.fits'
 'ch2_cla_l1_20210418T060208916_20210418T060216916.fits'
 'ch2_cla_l1_20210418T060216916_20210418T060224916.fits'
 'ch2_cla_l1_20210418T060224916_20210418T060232916.fits'
 'ch2_cla_l1_20210418T060232916_20210418T060240916.fits'
 'ch2_cla_l1_20210418T060240916_20210418T060248916.fits'
 'ch2_cla_l1_20210418T060248916_20210418T060256916.fits'
 'ch2_cla_l1_20210418T060256916_20210418T060304916.fits'
 'ch2_cla_l1_20210418T060304916_20210418T060312916.fits'
 'ch2_cla_l1_20210418T060312916_20210418T060320916.fits'
 'ch2_cla_l1_20210418T060320916_20210418T060328916.fits'
 'ch2_cla_l1_20210418T060328916_20210418T060336916.fits'
 'ch2_cla_l1_20210418T060336916_20210418T060344916.fits'
 'ch2_cla_l1_20210418T060344916_20210418T060352916.fits'
 'ch2_cla_l1_20210418T060352916_20210418T060400916.fits'
 'ch2_cla_l1_20210418T060400916_20210418T060408916.fits'
 'ch2_cla_l1_20210418T060408916_20210418T060416916.fits'
 'ch2_cla_l1_20210418T060416916_20210418T060424916.fits'
 'ch2_cla_l1_20210418T060424916_20210418T060432916.fits'
 'ch2_cla_l1_20210418T060432916_20210418T060440916.fits'
 'ch2_cla_l1_20210418T060440916_20210418T060448916.fits'
 'ch2_cla_l1_20210418T060448916_20210418T060456916.fits'
 'ch2_cla_l1_20210418T060456916_20210418T060504916.fits'
 'ch2_cla_l1_20210418T060504916_20210418T060512916.fits'
 'ch2_cla_l1_20210418T060512916_20210418T060520916.fits'
 'ch2_cla_l1_20210418T060520916_20210418T060528916.fits'
 'ch2_cla_l1_20210418T060528916_20210418T060536916.fits'
 'ch2_cla_l1_20210418T060536916_20210418T060544916.fits'
 'ch2_cla_l1_20210418T060544916_20210418T060552916.fits'
 'ch2_cla_l1_20210418T060552916_20210418T060600916.fits'
 'ch2_cla_l1_20210418T060600916_20210418T060608916.fits'
 'ch2_cla_l1_20210418T060608916_20210418T060616916.fits'
 'ch2_cla_l1_20210418T060616916_20210418T060624916.fits'
 'ch2_cla_l1_20210418T060624916_20210418T060632916.fits'
 'ch2_cla_l1_20210418T060632916_20210418T060640916.fits'
 'ch2_cla_l1_20210418T060640916_20210418T060648916.fits'
 'ch2_cla_l1_20210418T060648916_20210418T060656916.fits'
 'ch2_cla_l1_20210418T060656916_20210418T060704916.fits'
 'ch2_cla_l1_20210418T060704916_20210418T060712916.fits'
 'ch2_cla_l1_20210418T060712916_20210418T060720916.fits'
 'ch2_cla_l1_20210418T060720916_20210418T060728916.fits'
 'ch2_cla_l1_20210418T060728916_20210418T060736916.fits'
 'ch2_cla_l1_20210418T060736916_20210418T060744916.fits'
 'ch2_cla_l1_20210418T060744916_20210418T060752916.fits'
 'ch2_cla_l1_20210418T060752916_20210418T060800916.fits'
 'ch2_cla_l1_20210418T060800916_20210418T060808916.fits'
 'ch2_cla_l1_20210418T060808916_20210418T060816916.fits'
 'ch2_cla_l1_20210418T060816916_20210418T060824916.fits'
 'ch2_cla_l1_20210418T060824916_20210418T060832916.fits'
 'ch2_cla_l1_20210418T060832916_20210418T060840916.fits'
 'ch2_cla_l1_20210418T060840916_20210418T060848916.fits'
 'ch2_cla_l1_20210418T060848916_20210418T060856916.fits'
 'ch2_cla_l1_20210418T060856916_20210418T060904916.fits'
 'ch2_cla_l1_20210418T060904916_20210418T060912916.fits'
 'ch2_cla_l1_20210418T060912916_20210418T060920916.fits'
 'ch2_cla_l1_20210418T060920916_20210418T060928916.fits'
 'ch2_cla_l1_20210418T060928916_20210418T060936916.fits'
 'ch2_cla_l1_20210418T060936916_20210418T060944916.fits'
 'ch2_cla_l1_20210418T060944916_20210418T060952916.fits'
 'ch2_cla_l1_20210418T060952916_20210418T061000916.fits'
 'ch2_cla_l1_20210418T061000916_20210418T061008916.fits'
 'ch2_cla_l1_20210418T061008916_20210418T061016916.fits'
 'ch2_cla_l1_20210418T061016916_20210418T061024916.fits'
 'ch2_cla_l1_20210418T061024916_20210418T061032916.fits'
 'ch2_cla_l1_20210418T061032916_20210418T061040916.fits'
 'ch2_cla_l1_20210418T061040916_20210418T061048916.fits'
 'ch2_cla_l1_20210418T061048916_20210418T061056916.fits'
 'ch2_cla_l1_20210418T061056916_20210418T061104916.fits'
 'ch2_cla_l1_20210418T061104916_20210418T061112916.fits'
 'ch2_cla_l1_20210418T061112916_20210418T061120916.fits'
 'ch2_cla_l1_20210418T061120916_20210418T061128916.fits'
 'ch2_cla_l1_20210418T061128916_20210418T061136916.fits'
 'ch2_cla_l1_20210418T061136916_20210418T061144916.fits'
 'ch2_cla_l1_20210418T061144916_20210418T061152916.fits'
 'ch2_cla_l1_20210418T061152916_20210418T061200916.fits'
 'ch2_cla_l1_20210418T061200916_20210418T061208916.fits'
 'ch2_cla_l1_20210418T061208916_20210418T061216916.fits'
 'ch2_cla_l1_20210418T061216916_20210418T061224916.fits'
 'ch2_cla_l1_20210418T061224916_20210418T061232916.fits'
 'ch2_cla_l1_20210418T061232916_20210418T061240916.fits'
 'ch2_cla_l1_20210418T061240916_20210418T061248916.fits'
 'ch2_cla_l1_20210418T061248916_20210418T061256916.fits'
 'ch2_cla_l1_20210418T061256916_20210418T061304916.fits'
 'ch2_cla_l1_20210418T061304916_20210418T061312916.fits'
 'ch2_cla_l1_20210418T061312916_20210418T061320916.fits'
 'ch2_cla_l1_20210418T061320916_20210418T061328916.fits'
 'ch2_cla_l1_20210418T061328916_20210418T061336916.fits'
 'ch2_cla_l1_20210418T061336916_20210418T061344916.fits'
 'ch2_cla_l1_20210418T061344916_20210418T061352916.fits'
 'ch2_cla_l1_20210418T061352916_20210418T061400916.fits'
 'ch2_cla_l1_20210418T061400916_20210418T061408916.fits'
 'ch2_cla_l1_20210418T061408916_20210418T061416916.fits'
 'ch2_cla_l1_20210418T061416916_20210418T061424916.fits'
 'ch2_cla_l1_20210418T061424916_20210418T061432916.fits'
 'ch2_cla_l1_20210418T061432916_20210418T061440916.fits'
 'ch2_cla_l1_20210418T061440916_20210418T061448916.fits'
 'ch2_cla_l1_20210418T061448916_20210418T061456916.fits'
 'ch2_cla_l1_20210418T061456916_20210418T061504916.fits'
 'ch2_cla_l1_20210418T061504916_20210418T061512916.fits'
 'ch2_cla_l1_20210418T061512916_20210418T061520916.fits'
 'ch2_cla_l1_20210418T061520916_20210418T061528916.fits'
 'ch2_cla_l1_20210418T061528916_20210418T061536916.fits'
 'ch2_cla_l1_20210418T061536916_20210418T061544916.fits'
 'ch2_cla_l1_20210418T061544916_20210418T061552916.fits'
 'ch2_cla_l1_20210418T061552916_20210418T061600916.fits'
 'ch2_cla_l1_20210418T061600916_20210418T061608916.fits'
 'ch2_cla_l1_20210418T061608916_20210418T061616916.fits'
 'ch2_cla_l1_20210418T061616916_20210418T061624916.fits'
 'ch2_cla_l1_20210418T061624916_20210418T061632916.fits'
 'ch2_cla_l1_20210418T061632916_20210418T061640916.fits'
 'ch2_cla_l1_20210418T061640916_20210418T061648916.fits'
 'ch2_cla_l1_20210418T061648916_20210418T061656916.fits'
 'ch2_cla_l1_20210418T061656916_20210418T061704916.fits'
 'ch2_cla_l1_20210418T061704916_20210418T061712916.fits'
 'ch2_cla_l1_20210418T061712916_20210418T061720916.fits'
 'ch2_cla_l1_20210418T061720916_20210418T061728916.fits'
 'ch2_cla_l1_20210418T061728916_20210418T061736916.fits'
 'ch2_cla_l1_20210418T061736916_20210418T061744916.fits'
 'ch2_cla_l1_20210418T061744916_20210418T061752916.fits'
 'ch2_cla_l1_20210418T061752916_20210418T061800916.fits'
 'ch2_cla_l1_20210418T061800916_20210418T061808916.fits'
 'ch2_cla_l1_20210418T061808916_20210418T061816916.fits'
 'ch2_cla_l1_20210418T061816916_20210418T061824916.fits'
 'ch2_cla_l1_20210418T061824916_20210418T061832916.fits'
 'ch2_cla_l1_20210418T061832916_20210418T061840916.fits'
 'ch2_cla_l1_20210418T061840916_20210418T061848916.fits'
 'ch2_cla_l1_20210418T061848916_20210418T061856916.fits'
 'ch2_cla_l1_20210418T061856916_20210418T061904916.fits'
 'ch2_cla_l1_20210418T061904916_20210418T061912916.fits'
 'ch2_cla_l1_20210418T061912916_20210418T061920916.fits'
 'ch2_cla_l1_20210418T061920916_20210418T061928916.fits'
 'ch2_cla_l1_20210418T061928916_20210418T061936916.fits'
 'ch2_cla_l1_20210418T061936916_20210418T061944916.fits'
 'ch2_cla_l1_20210418T061944916_20210418T061952916.fits'
 'ch2_cla_l1_20210418T061952916_20210418T062000916.fits'
 'ch2_cla_l1_20210418T062000916_20210418T062008916.fits'
 'ch2_cla_l1_20210418T062008916_20210418T062016916.fits'
 'ch2_cla_l1_20210418T062016916_20210418T062024916.fits'
 'ch2_cla_l1_20210418T062024916_20210418T062032916.fits'
 'ch2_cla_l1_20210418T062032916_20210418T062040916.fits'
 'ch2_cla_l1_20210418T062040916_20210418T062048916.fits'
 'ch2_cla_l1_20210418T062048916_20210418T062056916.fits'
 'ch2_cla_l1_20210418T062056916_20210418T062104916.fits'
 'ch2_cla_l1_20210418T062104916_20210418T062112916.fits'
 'ch2_cla_l1_20210418T062112916_20210418T062120916.fits'
 'ch2_cla_l1_20210418T062120916_20210418T062128916.fits'
 'ch2_cla_l1_20210418T062128916_20210418T062136916.fits'
 'ch2_cla_l1_20210418T062136916_20210418T062144916.fits'
 'ch2_cla_l1_20210418T062144916_20210418T062152916.fits'
 'ch2_cla_l1_20210418T062152916_20210418T062200916.fits'
 'ch2_cla_l1_20210418T062200916_20210418T062208916.fits'
 'ch2_cla_l1_20210418T062208916_20210418T062216916.fits'
 'ch2_cla_l1_20210418T062216916_20210418T062224916.fits'
 'ch2_cla_l1_20210418T062224916_20210418T062232916.fits'
 'ch2_cla_l1_20210418T062232916_20210418T062240916.fits'
 'ch2_cla_l1_20210418T062240916_20210418T062248916.fits'
 'ch2_cla_l1_20210418T062248916_20210418T062256916.fits'
 'ch2_cla_l1_20210418T062256916_20210418T062304916.fits'
 'ch2_cla_l1_20210418T062304916_20210418T062312916.fits'
 'ch2_cla_l1_20210418T062312916_20210418T062320916.fits'
 'ch2_cla_l1_20210418T062320916_20210418T062328916.fits'
 'ch2_cla_l1_20210418T062328916_20210418T062336916.fits'
 'ch2_cla_l1_20210418T062336916_20210418T062344916.fits'
 'ch2_cla_l1_20210418T062344916_20210418T062352916.fits'
 'ch2_cla_l1_20210418T062352916_20210418T062400916.fits'
 'ch2_cla_l1_20210418T062400916_20210418T062408916.fits'
 'ch2_cla_l1_20210418T062408916_20210418T062416916.fits'
 'ch2_cla_l1_20210418T062416916_20210418T062424916.fits'
 'ch2_cla_l1_20210418T062424916_20210418T062432916.fits'
 'ch2_cla_l1_20210418T062432916_20210418T062440916.fits'
 'ch2_cla_l1_20210418T062440916_20210418T062448916.fits'
 'ch2_cla_l1_20210418T062448916_20210418T062456916.fits'
 'ch2_cla_l1_20210418T062456916_20210418T062504916.fits'
 'ch2_cla_l1_20210418T062504916_20210418T062512916.fits'
 'ch2_cla_l1_20210418T062512916_20210418T062520916.fits'
 'ch2_cla_l1_20210418T062520916_20210418T062528916.fits'
 'ch2_cla_l1_20210418T062528916_20210418T062536916.fits'
 'ch2_cla_l1_20210418T062536916_20210418T062544916.fits'
 'ch2_cla_l1_20210418T062544916_20210418T062552916.fits'
 'ch2_cla_l1_20210418T062552916_20210418T062600916.fits'
 'ch2_cla_l1_20210418T062600916_20210418T062608916.fits'
 'ch2_cla_l1_20210418T062608916_20210418T062616916.fits'
 'ch2_cla_l1_20210418T062616916_20210418T062624916.fits'
 'ch2_cla_l1_20210418T062624916_20210418T062632916.fits'
 'ch2_cla_l1_20210418T062632916_20210418T062640916.fits'
 'ch2_cla_l1_20210418T062640916_20210418T062648916.fits'
 'ch2_cla_l1_20210418T062648916_20210418T062656916.fits'
 'ch2_cla_l1_20210418T062656916_20210418T062704916.fits'
 'ch2_cla_l1_20210418T062704916_20210418T062712916.fits'
 'ch2_cla_l1_20210418T062712916_20210418T062720916.fits'
 'ch2_cla_l1_20210418T062720916_20210418T062728916.fits'
 'ch2_cla_l1_20210418T062728916_20210418T062736916.fits'
 'ch2_cla_l1_20210418T062736916_20210418T062744916.fits'
 'ch2_cla_l1_20210418T062744916_20210418T062752916.fits'
 'ch2_cla_l1_20210418T062752916_20210418T062800916.fits'
 'ch2_cla_l1_20210418T062800916_20210418T062808916.fits']","['ch2_cla_l1_20210418T044629760_20210418T044634238.fits'
 'ch2_cla_l1_20210418T051240916_20210418T051248916.fits'
 'ch2_cla_l1_20210418T051248916_20210418T051256916.fits'
 'ch2_cla_l1_20210418T051256916_20210418T051304916.fits'
 'ch2_cla_l1_20210418T051304916_20210418T051312916.fits'
 'ch2_cla_l1_20210418T051312916_20210418T051320916.fits'
 'ch2_cla_l1_20210418T051320916_20210418T051328916.fits'
 'ch2_cla_l1_20210418T051328916_20210418T051336916.fits'
 'ch2_cla_l1_20210418T051336916_20210418T051344916.fits'
 'ch2_cla_l1_20210418T051344916_20210418T051352916.fits'
 'ch2_cla_l1_20210418T051352916_20210418T051400916.fits'
 'ch2_cla_l1_20210418T051400916_20210418T051408916.fits'
 'ch2_cla_l1_20210418T051408916_20210418T051416916.fits'
 'ch2_cla_l1_20210418T051416916_20210418T051424916.fits'
 'ch2_cla_l1_20210418T051424916_20210418T051432916.fits'
 'ch2_cla_l1_20210418T051432916_20210418T051440916.fits'
 'ch2_cla_l1_20210418T051440916_20210418T051448916.fits'
 'ch2_cla_l1_20210418T051448916_20210418T051456916.fits'
 'ch2_cla_l1_20210418T051456916_20210418T051504916.fits'
 'ch2_cla_l1_20210418T051504916_20210418T051512916.fits'
 'ch2_cla_l1_20210418T051512916_20210418T051520916.fits'
 'ch2_cla_l1_20210418T051520916_20210418T051528916.fits'
 'ch2_cla_l1_20210418T051528916_20210418T051536916.fits'
 'ch2_cla_l1_20210418T051536916_20210418T051544916.fits'
 'ch2_cla_l1_20210418T051544916_20210418T051552916.fits'
 'ch2_cla_l1_20210418T051552916_20210418T051600916.fits'
 'ch2_cla_l1_20210418T051600916_20210418T051608916.fits'
 'ch2_cla_l1_20210418T051608916_20210418T051616916.fits'
 'ch2_cla_l1_20210418T051616916_20210418T051624916.fits'
 'ch2_cla_l1_20210418T051624916_20210418T051632916.fits'
 'ch2_cla_l1_20210418T051632916_20210418T051640916.fits'
 'ch2_cla_l1_20210418T051640916_20210418T051648916.fits'
 'ch2_cla_l1_20210418T051648916_20210418T051656916.fits'
 'ch2_cla_l1_20210418T051656916_20210418T051704916.fits'
 'ch2_cla_l1_20210418T051704916_20210418T051712916.fits'
 'ch2_cla_l1_20210418T051712916_20210418T051720916.fits'
 'ch2_cla_l1_20210418T051720916_20210418T051728916.fits'
 'ch2_cla_l1_20210418T051728916_20210418T051736916.fits'
 'ch2_cla_l1_20210418T051736916_20210418T051744916.fits'
 'ch2_cla_l1_20210418T051744916_20210418T051752916.fits'
 'ch2_cla_l1_20210418T051752916_20210418T051800916.fits'
 'ch2_cla_l1_20210418T051800916_20210418T051808916.fits'
 'ch2_cla_l1_20210418T051808916_20210418T051816916.fits'
 'ch2_cla_l1_20210418T051816916_20210418T051824916.fits'
 'ch2_cla_l1_20210418T051824916_20210418T051832916.fits'
 'ch2_cla_l1_20210418T051832916_20210418T051840916.fits'
 'ch2_cla_l1_20210418T051840916_20210418T051848916.fits'
 'ch2_cla_l1_20210418T051848916_20210418T051856916.fits'
 'ch2_cla_l1_20210418T051856916_20210418T051904916.fits'
 'ch2_cla_l1_20210418T051904916_20210418T051912916.fits'
 'ch2_cla_l1_20210418T051912916_20210418T051920916.fits'
 'ch2_cla_l1_20210418T051920916_20210418T051928916.fits'
 'ch2_cla_l1_20210418T051928916_20210418T051936916.fits'
 'ch2_cla_l1_20210418T051936916_20210418T051944916.fits'
 'ch2_cla_l1_20210418T051944916_20210418T051952916.fits'
 'ch2_cla_l1_20210418T051952916_20210418T052000916.fits'
 'ch2_cla_l1_20210418T052000916_20210418T052008916.fits'
 'ch2_cla_l1_20210418T052008916_20210418T052016916.fits'
 'ch2_cla_l1_20210418T052016916_20210418T052024916.fits'
 'ch2_cla_l1_20210418T052024916_20210418T052032916.fits'
 'ch2_cla_l1_20210418T052032916_20210418T052040916.fits'
 'ch2_cla_l1_20210418T052040916_20210418T052048916.fits'
 'ch2_cla_l1_20210418T052048916_20210418T052056916.fits'
 'ch2_cla_l1_20210418T052056916_20210418T052104916.fits'
 'ch2_cla_l1_20210418T052104916_20210418T052112916.fits'
 'ch2_cla_l1_20210418T052112916_20210418T052120916.fits'
 'ch2_cla_l1_20210418T052120916_20210418T052128916.fits'
 'ch2_cla_l1_20210418T052128916_20210418T052136916.fits'
 'ch2_cla_l1_20210418T052136916_20210418T052144916.fits'
 'ch2_cla_l1_20210418T052144916_20210418T052152916.fits'
 'ch2_cla_l1_20210418T052152916_20210418T052200916.fits'
 'ch2_cla_l1_20210418T052200916_20210418T052208916.fits'
 'ch2_cla_l1_20210418T052208916_20210418T052216916.fits'
 'ch2_cla_l1_20210418T052216916_20210418T052224916.fits'
 'ch2_cla_l1_20210418T052224916_20210418T052232916.fits'
 'ch2_cla_l1_20210418T052232916_20210418T052240916.fits'
 'ch2_cla_l1_20210418T052240916_20210418T052248916.fits'
 'ch2_cla_l1_20210418T052248916_20210418T052256916.fits'
 'ch2_cla_l1_20210418T052256916_20210418T052304916.fits'
 'ch2_cla_l1_20210418T052304916_20210418T052312916.fits'
 'ch2_cla_l1_20210418T052312916_20210418T052320916.fits'
 'ch2_cla_l1_20210418T052320916_20210418T052328916.fits'
 'ch2_cla_l1_20210418T052328916_20210418T052336916.fits'
 'ch2_cla_l1_20210418T052336916_20210418T052344916.fits'
 'ch2_cla_l1_20210418T052344916_20210418T052352916.fits'
 'ch2_cla_l1_20210418T052352916_20210418T052400916.fits'
 'ch2_cla_l1_20210418T052400916_20210418T052408916.fits'
 'ch2_cla_l1_20210418T052408916_20210418T052416916.fits'
 'ch2_cla_l1_20210418T052416916_20210418T052424916.fits'
 'ch2_cla_l1_20210418T052424916_20210418T052432916.fits'
 'ch2_cla_l1_20210418T052432916_20210418T052440916.fits'
 'ch2_cla_l1_20210418T052440916_20210418T052448916.fits'
 'ch2_cla_l1_20210418T052448916_20210418T052456916.fits'
 'ch2_cla_l1_20210418T052456916_20210418T052504916.fits'
 'ch2_cla_l1_20210418T052504916_20210418T052512916.fits'
 'ch2_cla_l1_20210418T052512916_20210418T052520916.fits'
 'ch2_cla_l1_20210418T052520916_20210418T052528916.fits'
 'ch2_cla_l1_20210418T052528916_20210418T052536916.fits'
 'ch2_cla_l1_20210418T052536916_20210418T052544916.fits'
 'ch2_cla_l1_20210418T052544916_20210418T052552916.fits'
 'ch2_cla_l1_20210418T052552916_20210418T052600916.fits'
 'ch2_cla_l1_20210418T052600916_20210418T052608916.fits'
 'ch2_cla_l1_20210418T052608916_20210418T052616916.fits'
 'ch2_cla_l1_20210418T052616916_20210418T052624916.fits'
 'ch2_cla_l1_20210418T052624916_20210418T052632916.fits'
 'ch2_cla_l1_20210418T052632916_20210418T052640916.fits'
 'ch2_cla_l1_20210418T052640916_20210418T052648916.fits'
 'ch2_cla_l1_20210418T052648916_20210418T052656916.fits'
 'ch2_cla_l1_20210418T052656916_20210418T052704916.fits'
 'ch2_cla_l1_20210418T052704916_20210418T052712916.fits'
 'ch2_cla_l1_20210418T052712916_20210418T052720916.fits'
 'ch2_cla_l1_20210418T052720916_20210418T052728916.fits'
 'ch2_cla_l1_20210418T052728916_20210418T052736916.fits'
 'ch2_cla_l1_20210418T052736916_20210418T052744916.fits'
 'ch2_cla_l1_20210418T052744916_20210418T052752916.fits'
 'ch2_cla_l1_20210418T062848916_20210418T062856916.fits'
 'ch2_cla_l1_20210418T062856916_20210418T062904916.fits'
 'ch2_cla_l1_20210418T062904916_20210418T062912916.fits'
 'ch2_cla_l1_20210418T062912916_20210418T062920916.fits'
 'ch2_cla_l1_20210418T062920916_20210418T062928916.fits'
 'ch2_cla_l1_20210418T062928916_20210418T062936916.fits'
 'ch2_cla_l1_20210418T062936916_20210418T062944916.fits'
 'ch2_cla_l1_20210418T062944916_20210418T062952916.fits'
 'ch2_cla_l1_20210418T062952916_20210418T063000916.fits'
 'ch2_cla_l1_20210418T063000916_20210418T063008916.fits'
 'ch2_cla_l1_20210418T063008916_20210418T063016916.fits'
 'ch2_cla_l1_20210418T063016916_20210418T063024916.fits'
 'ch2_cla_l1_20210418T063024916_20210418T063032916.fits'
 'ch2_cla_l1_20210418T063032916_20210418T063040916.fits'
 'ch2_cla_l1_20210418T063040916_20210418T063048916.fits'
 'ch2_cla_l1_20210418T063048916_20210418T063056916.fits'
 'ch2_cla_l1_20210418T063056916_20210418T063104916.fits'
 'ch2_cla_l1_20210418T063104916_20210418T063112916.fits'
 'ch2_cla_l1_20210418T063112916_20210418T063120916.fits'
 'ch2_cla_l1_20210418T063120916_20210418T063128916.fits'
 'ch2_cla_l1_20210418T063128916_20210418T063136916.fits'
 'ch2_cla_l1_20210418T063136916_20210418T063144916.fits'
 'ch2_cla_l1_20210418T063144916_20210418T063152916.fits'
 'ch2_cla_l1_20210418T063152916_20210418T063200916.fits'
 'ch2_cla_l1_20210418T063200916_20210418T063208916.fits'
 'ch2_cla_l1_20210418T063208916_20210418T063216916.fits'
 'ch2_cla_l1_20210418T063216916_20210418T063224916.fits'
 'ch2_cla_l1_20210418T063224916_20210418T063232916.fits'
 'ch2_cla_l1_20210418T063232916_20210418T063240916.fits'
 'ch2_cla_l1_20210418T063240916_20210418T063248916.fits'
 'ch2_cla_l1_20210418T063248916_20210418T063256916.fits'
 'ch2_cla_l1_20210418T063256916_20210418T063304916.fits'
 'ch2_cla_l1_20210418T063304916_20210418T063312916.fits'
 'ch2_cla_l1_20210418T063312916_20210418T063320916.fits'
 'ch2_cla_l1_20210418T063320916_20210418T063328916.fits'
 'ch2_cla_l1_20210418T063328916_20210418T063336916.fits'
 'ch2_cla_l1_20210418T063336916_20210418T063344916.fits'
 'ch2_cla_l1_20210418T063344916_20210418T063352916.fits'
 'ch2_cla_l1_20210418T063352916_20210418T063400916.fits'
 'ch2_cla_l1_20210418T063400916_20210418T063408916.fits'
 'ch2_cla_l1_20210418T063408916_20210418T063416916.fits'
 'ch2_cla_l1_20210418T063416916_20210418T063424916.fits'
 'ch2_cla_l1_20210418T063424916_20210418T063432916.fits'
 'ch2_cla_l1_20210418T063432916_20210418T063440916.fits'
 'ch2_cla_l1_20210418T063440916_20210418T063448916.fits'
 'ch2_cla_l1_20210418T063448916_20210418T063456916.fits'
 'ch2_cla_l1_20210418T063456916_20210418T063504916.fits'
 'ch2_cla_l1_20210418T063504916_20210418T063512916.fits'
 'ch2_cla_l1_20210418T063512916_20210418T063520916.fits'
 'ch2_cla_l1_20210418T063520916_20210418T063528916.fits'
 'ch2_cla_l1_20210418T063528916_20210418T063536916.fits'
 'ch2_cla_l1_20210418T063536916_20210418T063544916.fits'
 'ch2_cla_l1_20210418T063544916_20210418T063552916.fits'
 'ch2_cla_l1_20210418T063552916_20210418T063600916.fits'
 'ch2_cla_l1_20210418T063600916_20210418T063608916.fits'
 'ch2_cla_l1_20210418T063608916_20210418T063616916.fits'
 'ch2_cla_l1_20210418T063616916_20210418T063624916.fits'
 'ch2_cla_l1_20210418T063624916_20210418T063632916.fits'
 'ch2_cla_l1_20210418T063632916_20210418T063640916.fits'
 'ch2_cla_l1_20210418T063640916_20210418T063648916.fits'
 'ch2_cla_l1_20210418T063648916_20210418T063656916.fits'
 'ch2_cla_l1_20210418T063656916_20210418T063704916.fits'
 'ch2_cla_l1_20210418T063704916_20210418T063712916.fits'
 'ch2_cla_l1_20210418T063712916_20210418T063720916.fits'
 'ch2_cla_l1_20210418T063720916_20210418T063728916.fits'
 'ch2_cla_l1_20210418T063728916_20210418T063736916.fits'
 'ch2_cla_l1_20210418T063736916_20210418T063744916.fits'
 'ch2_cla_l1_20210418T063744916_20210418T063752916.fits'
 'ch2_cla_l1_20210418T063752916_20210418T063800916.fits'
 'ch2_cla_l1_20210418T063800916_20210418T063808916.fits'
 'ch2_cla_l1_20210418T063808916_20210418T063816916.fits'
 'ch2_cla_l1_20210418T063816916_20210418T063824916.fits'
 'ch2_cla_l1_20210418T063824916_20210418T063832916.fits'
 'ch2_cla_l1_20210418T063832916_20210418T063840916.fits'
 'ch2_cla_l1_20210418T063840916_20210418T063848916.fits'
 'ch2_cla_l1_20210418T063848916_20210418T063856916.fits'
 'ch2_cla_l1_20210418T063856916_20210418T063904916.fits'
 'ch2_cla_l1_20210418T063904916_20210418T063912916.fits'
 'ch2_cla_l1_20210418T063912916_20210418T063920916.fits'
 'ch2_cla_l1_20210418T063920916_20210418T063928916.fits'
 'ch2_cla_l1_20210418T063928916_20210418T063936916.fits'
 'ch2_cla_l1_20210418T063936916_20210418T063944916.fits'
 'ch2_cla_l1_20210418T063944916_20210418T063952916.fits'
 'ch2_cla_l1_20210418T063952916_20210418T064000916.fits'
 'ch2_cla_l1_20210418T064000916_20210418T064008916.fits'
 'ch2_cla_l1_20210418T064008916_20210418T064016916.fits'
 'ch2_cla_l1_20210418T064016916_20210418T064024916.fits'
 'ch2_cla_l1_20210418T064024916_20210418T064032916.fits'
 'ch2_cla_l1_20210418T064032916_20210418T064040916.fits'
 'ch2_cla_l1_20210418T064040916_20210418T064048916.fits'
 'ch2_cla_l1_20210418T064048916_20210418T064056916.fits'
 'ch2_cla_l1_20210418T064056916_20210418T064104916.fits'
 'ch2_cla_l1_20210418T064104916_20210418T064112916.fits'
 'ch2_cla_l1_20210418T064112916_20210418T064120916.fits'
 'ch2_cla_l1_20210418T064120916_20210418T064128916.fits'
 'ch2_cla_l1_20210418T064128916_20210418T064136916.fits'
 'ch2_cla_l1_20210418T064136916_20210418T064144916.fits'
 'ch2_cla_l1_20210418T064144916_20210418T064152916.fits'
 'ch2_cla_l1_20210418T064152916_20210418T064200916.fits'
 'ch2_cla_l1_20210418T064200916_20210418T064208916.fits'
 'ch2_cla_l1_20210418T064208916_20210418T064216916.fits'
 'ch2_cla_l1_20210418T064216916_20210418T064224916.fits'
 'ch2_cla_l1_20210418T064224916_20210418T064232916.fits'
 'ch2_cla_l1_20210418T064232916_20210418T064240916.fits'
 'ch2_cla_l1_20210418T064240916_20210418T064248916.fits'
 'ch2_cla_l1_20210418T064248916_20210418T064256916.fits'
 'ch2_cla_l1_20210418T064256916_20210418T064304916.fits'
 'ch2_cla_l1_20210418T064304916_20210418T064312916.fits'
 'ch2_cla_l1_20210418T064312916_20210418T064320916.fits'
 'ch2_cla_l1_20210418T064320916_20210418T064328916.fits'
 'ch2_cla_l1_20210418T064328916_20210418T064336916.fits'
 'ch2_cla_l1_20210418T064336916_20210418T064344916.fits'
 'ch2_cla_l1_20210418T064344916_20210418T064352916.fits'
 'ch2_cla_l1_20210418T064352916_20210418T064400916.fits'
 'ch2_cla_l1_20210418T064400916_20210418T064408916.fits']"
"['ch2_cla_l1_20210418T072613370_20210418T072621370.fits'
 'ch2_cla_l1_20210418T072621370_20210418T072629370.fits'
 'ch2_cla_l1_20210418T072629370_20210418T072637370.fits'
 'ch2_cla_l1_20210418T072637370_20210418T072645370.fits'
 'ch2_cla_l1_20210418T072645370_20210418T072653370.fits'
 'ch2_cla_l1_20210418T072653370_20210418T072701370.fits'
 'ch2_cla_l1_20210418T072701370_20210418T072709370.fits'
 'ch2_cla_l1_20210418T072709370_20210418T072717370.fits'
 'ch2_cla_l1_20210418T072717370_20210418T072725370.fits'
 'ch2_cla_l1_20210418T072725370_20210418T072733370.fits'
 'ch2_cla_l1_20210418T072733370_20210418T072741370.fits'
 'ch2_cla_l1_20210418T072741370_20210418T072749370.fits'
 'ch2_cla_l1_20210418T072749370_20210418T072757370.fits'
 'ch2_cla_l1_20210418T072757370_20210418T072805370.fits'
 'ch2_cla_l1_20210418T072805370_20210418T072813370.fits'
 'ch2_cla_l1_20210418T072813370_20210418T072821370.fits'
 'ch2_cla_l1_20210418T072821370_20210418T072829370.fits'
 'ch2_cla_l1_20210418T072829370_20210418T072837370.fits'
 'ch2_cla_l1_20210418T072837370_20210418T072845370.fits'
 'ch2_cla_l1_20210418T072845370_20210418T072853370.fits'
 'ch2_cla_l1_20210418T072853370_20210418T072901370.fits'
 'ch2_cla_l1_20210418T072901370_20210418T072909370.fits'
 'ch2_cla_l1_20210418T072909370_20210418T072917370.fits'
 'ch2_cla_l1_20210418T072917370_20210418T072925370.fits'
 'ch2_cla_l1_20210418T072925370_20210418T072933370.fits'
 'ch2_cla_l1_20210418T072933370_20210418T072941370.fits'
 'ch2_cla_l1_20210418T072941370_20210418T072949370.fits'
 'ch2_cla_l1_20210418T072949370_20210418T072957370.fits'
 'ch2_cla_l1_20210418T072957370_20210418T073005370.fits'
 'ch2_cla_l1_20210418T073005370_20210418T073013370.fits'
 'ch2_cla_l1_20210418T073013370_20210418T073021370.fits'
 'ch2_cla_l1_20210418T073021370_20210418T073029370.fits'
 'ch2_cla_l1_20210418T073029370_20210418T073037370.fits'
 'ch2_cla_l1_20210418T073037370_20210418T073045370.fits'
 'ch2_cla_l1_20210418T073045370_20210418T073053370.fits'
 'ch2_cla_l1_20210418T073053370_20210418T073101370.fits'
 'ch2_cla_l1_20210418T073101370_20210418T073109370.fits'
 'ch2_cla_l1_20210418T073109370_20210418T073117370.fits'
 'ch2_cla_l1_20210418T073117370_20210418T073125370.fits'
 'ch2_cla_l1_20210418T073125370_20210418T073133370.fits'
 'ch2_cla_l1_20210418T073133370_20210418T073141370.fits'
 'ch2_cla_l1_20210418T073141370_20210418T073149370.fits'
 'ch2_cla_l1_20210418T073149370_20210418T073157370.fits'
 'ch2_cla_l1_20210418T073157370_20210418T073205370.fits'
 'ch2_cla_l1_20210418T073205370_20210418T073213370.fits'
 'ch2_cla_l1_20210418T073213370_20210418T073221370.fits'
 'ch2_cla_l1_20210418T073221370_20210418T073229370.fits'
 'ch2_cla_l1_20210418T073229370_20210418T073237370.fits'
 'ch2_cla_l1_20210418T073237370_20210418T073245370.fits'
 'ch2_cla_l1_20210418T073245370_20210418T073253370.fits'
 'ch2_cla_l1_20210418T073253370_20210418T073301370.fits'
 'ch2_cla_l1_20210418T073301370_20210418T073309370.fits'
 'ch2_cla_l1_20210418T073309370_20210418T073317370.fits'
 'ch2_cla_l1_20210418T073317370_20210418T073325370.fits'
 'ch2_cla_l1_20210418T073325370_20210418T073333370.fits'
 'ch2_cla_l1_20210418T073333370_20210418T073341370.fits'
 'ch2_cla_l1_20210418T073341370_20210418T073349370.fits'
 'ch2_cla_l1_20210418T073349370_20210418T073357370.fits'
 'ch2_cla_l1_20210418T073357370_20210418T073405370.fits'
 'ch2_cla_l1_20210418T073405370_20210418T073413370.fits'
 'ch2_cla_l1_20210418T073413370_20210418T073421370.fits'
 'ch2_cla_l1_20210418T073421370_20210418T073429370.fits'
 'ch2_cla_l1_20210418T073429370_20210418T073437370.fits'
 'ch2_cla_l1_20210418T073437370_20210418T073445370.fits'
 'ch2_cla_l1_20210418T073445370_20210418T073453370.fits'
 'ch2_cla_l1_20210418T073453370_20210418T073501370.fits'
 'ch2_cla_l1_20210418T073501370_20210418T073509370.fits'
 'ch2_cla_l1_20210418T073509370_20210418T073517370.fits'
 'ch2_cla_l1_20210418T073517370_20210418T073525370.fits'
 'ch2_cla_l1_20210418T073525370_20210418T073533370.fits'
 'ch2_cla_l1_20210418T073533370_20210418T073541370.fits'
 'ch2_cla_l1_20210418T073541370_20210418T073549370.fits'
 'ch2_cla_l1_20210418T073549370_20210418T073557370.fits'
 'ch2_cla_l1_20210418T073557370_20210418T073605370.fits'
 'ch2_cla_l1_20210418T073605370_20210418T073613370.fits'
 'ch2_cla_l1_20210418T073613370_20210418T073621370.fits'
 'ch2_cla_l1_20210418T073621370_20210418T073629370.fits'
 'ch2_cla_l1_20210418T073629370_20210418T073637370.fits'
 'ch2_cla_l1_20210418T073637370_20210418T073645370.fits'
 'ch2_cla_l1_20210418T073645370_20210418T073653370.fits'
 'ch2_cla_l1_20210418T073653370_20210418T073701370.fits'
 'ch2_cla_l1_20210418T073701370_20210418T073709370.fits'
 'ch2_cla_l1_20210418T073709370_20210418T073717370.fits'
 'ch2_cla_l1_20210418T073717370_20210418T073725370.fits'
 'ch2_cla_l1_20210418T073725370_20210418T073733370.fits'
 'ch2_cla_l1_20210418T073733370_20210418T073741370.fits'
 'ch2_cla_l1_20210418T073741370_20210418T073749370.fits'
 'ch2_cla_l1_20210418T073749370_20210418T073757370.fits'
 'ch2_cla_l1_20210418T073757370_20210418T073805370.fits'
 'ch2_cla_l1_20210418T073805370_20210418T073813370.fits'
 'ch2_cla_l1_20210418T073813370_20210418T073821370.fits'
 'ch2_cla_l1_20210418T073821370_20210418T073829370.fits'
 'ch2_cla_l1_20210418T073829370_20210418T073837370.fits'
 'ch2_cla_l1_20210418T073837370_20210418T073845370.fits'
 'ch2_cla_l1_20210418T073845370_20210418T073853370.fits'
 'ch2_cla_l1_20210418T073853370_20210418T073901370.fits'
 'ch2_cla_l1_20210418T073901370_20210418T073909370.fits'
 'ch2_cla_l1_20210418T073909370_20210418T073917370.fits'
 'ch2_cla_l1_20210418T073917370_20210418T073925370.fits'
 'ch2_cla_l1_20210418T073925370_20210418T073933370.fits'
 'ch2_cla_l1_20210418T073933370_20210418T073941370.fits'
 'ch2_cla_l1_20210418T073941370_20210418T073949370.fits'
 'ch2_cla_l1_20210418T073949370_20210418T073957370.fits'
 'ch2_cla_l1_20210418T073957370_20210418T074005370.fits'
 'ch2_cla_l1_20210418T074005370_20210418T074013370.fits'
 'ch2_cla_l1_20210418T074013370_20210418T074021370.fits'
 'ch2_cla_l1_20210418T074021370_20210418T074029370.fits'
 'ch2_cla_l1_20210418T074029370_20210418T074037370.fits'
 'ch2_cla_l1_20210418T074037370_20210418T074045370.fits'
 'ch2_cla_l1_20210418T074045370_20210418T074053370.fits'
 'ch2_cla_l1_20210418T074053370_20210418T074101370.fits'
 'ch2_cla_l1_20210418T074101370_20210418T074109370.fits'
 'ch2_cla_l1_20210418T074109370_20210418T074117370.fits'
 'ch2_cla_l1_20210418T074117370_20210418T074125370.fits'
 'ch2_cla_l1_20210418T074125370_20210418T074133370.fits'
 'ch2_cla_l1_20210418T074133370_20210418T074141370.fits'
 'ch2_cla_l1_20210418T074141370_20210418T074149370.fits'
 'ch2_cla_l1_20210418T074149370_20210418T074157370.fits'
 'ch2_cla_l1_20210418T074157370_20210418T074205370.fits'
 'ch2_cla_l1_20210418T074205370_20210418T074213370.fits'
 'ch2_cla_l1_20210418T074213370_20210418T074221370.fits'
 'ch2_cla_l1_20210418T074221370_20210418T074229370.fits'
 'ch2_cla_l1_20210418T074229370_20210418T074237370.fits'
 'ch2_cla_l1_20210418T074237370_20210418T074245370.fits'
 'ch2_cla_l1_20210418T074245370_20210418T074253370.fits'
 'ch2_cla_l1_20210418T074253370_20210418T074301370.fits'
 'ch2_cla_l1_20210418T074301370_20210418T074309370.fits'
 'ch2_cla_l1_20210418T074309370_20210418T074317370.fits'
 'ch2_cla_l1_20210418T074317370_20210418T074325370.fits'
 'ch2_cla_l1_20210418T074325370_20210418T074333370.fits'
 'ch2_cla_l1_20210418T074333370_20210418T074341370.fits'
 'ch2_cla_l1_20210418T074341370_20210418T074349370.fits'
 'ch2_cla_l1_20210418T074349370_20210418T074357370.fits'
 'ch2_cla_l1_20210418T074357370_20210418T074405370.fits'
 'ch2_cla_l1_20210418T074405370_20210418T074413370.fits'
 'ch2_cla_l1_20210418T074413370_20210418T074421370.fits'
 'ch2_cla_l1_20210418T074421370_20210418T074429370.fits'
 'ch2_cla_l1_20210418T074429370_20210418T074437370.fits'
 'ch2_cla_l1_20210418T074437370_20210418T074445370.fits'
 'ch2_cla_l1_20210418T074445370_20210418T074453370.fits'
 'ch2_cla_l1_20210418T074453370_20210418T074501370.fits'
 'ch2_cla_l1_20210418T074501370_20210418T074509370.fits'
 'ch2_cla_l1_20210418T074509370_20210418T074517370.fits'
 'ch2_cla_l1_20210418T074517370_20210418T074525370.fits'
 'ch2_cla_l1_20210418T074525370_20210418T074533370.fits'
 'ch2_cla_l1_20210418T074533370_20210418T074541370.fits'
 'ch2_cla_l1_20210418T074541370_20210418T074549370.fits'
 'ch2_cla_l1_20210418T074549370_20210418T074557370.fits'
 'ch2_cla_l1_20210418T074557370_20210418T074605370.fits'
 'ch2_cla_l1_20210418T074605370_20210418T074613370.fits'
 'ch2_cla_l1_20210418T074613370_20210418T074621370.fits'
 'ch2_cla_l1_20210418T074621370_20210418T074629370.fits'
 'ch2_cla_l1_20210418T074629370_20210418T074637370.fits'
 'ch2_cla_l1_20210418T074637370_20210418T074645370.fits'
 'ch2_cla_l1_20210418T074645370_20210418T074653370.fits'
 'ch2_cla_l1_20210418T074653370_20210418T074701370.fits'
 'ch2_cla_l1_20210418T074701370_20210418T074709370.fits'
 'ch2_cla_l1_20210418T074709370_20210418T074717370.fits'
 'ch2_cla_l1_20210418T074717370_20210418T074725370.fits'
 'ch2_cla_l1_20210418T074725370_20210418T074733370.fits'
 'ch2_cla_l1_20210418T074733370_20210418T074741370.fits'
 'ch2_cla_l1_20210418T074741370_20210418T074749370.fits'
 'ch2_cla_l1_20210418T074749370_20210418T074757370.fits'
 'ch2_cla_l1_20210418T074757370_20210418T074805370.fits'
 'ch2_cla_l1_20210418T074805370_20210418T074813370.fits'
 'ch2_cla_l1_20210418T074813370_20210418T074821370.fits'
 'ch2_cla_l1_20210418T074821370_20210418T074829370.fits'
 'ch2_cla_l1_20210418T074829370_20210418T074837370.fits'
 'ch2_cla_l1_20210418T074837370_20210418T074845370.fits'
 'ch2_cla_l1_20210418T074845370_20210418T074853370.fits'
 'ch2_cla_l1_20210418T074853370_20210418T074901370.fits'
 'ch2_cla_l1_20210418T074901370_20210418T074909370.fits'
 'ch2_cla_l1_20210418T074909370_20210418T074917370.fits'
 'ch2_cla_l1_20210418T074917370_20210418T074925370.fits'
 'ch2_cla_l1_20210418T074925370_20210418T074933370.fits'
 'ch2_cla_l1_20210418T074933370_20210418T074941370.fits'
 'ch2_cla_l1_20210418T074941370_20210418T074949370.fits'
 'ch2_cla_l1_20210418T074949370_20210418T074957370.fits'
 'ch2_cla_l1_20210418T074957370_20210418T075005370.fits'
 'ch2_cla_l1_20210418T075005370_20210418T075013370.fits'
 'ch2_cla_l1_20210418T075013370_20210418T075021370.fits'
 'ch2_cla_l1_20210418T075021370_20210418T075029370.fits'
 'ch2_cla_l1_20210418T075029370_20210418T075037370.fits'
 'ch2_cla_l1_20210418T075037370_20210418T075045370.fits'
 'ch2_cla_l1_20210418T075045370_20210418T075053370.fits'
 'ch2_cla_l1_20210418T075053370_20210418T075101370.fits'
 'ch2_cla_l1_20210418T075101370_20210418T075109370.fits'
 'ch2_cla_l1_20210418T075109370_20210418T075117370.fits'
 'ch2_cla_l1_20210418T075117370_20210418T075125370.fits'
 'ch2_cla_l1_20210418T075125370_20210418T075133370.fits'
 'ch2_cla_l1_20210418T075133370_20210418T075141370.fits'
 'ch2_cla_l1_20210418T075141370_20210418T075149370.fits'
 'ch2_cla_l1_20210418T075149370_20210418T075157370.fits'
 'ch2_cla_l1_20210418T075157370_20210418T075205370.fits'
 'ch2_cla_l1_20210418T075205370_20210418T075213370.fits'
 'ch2_cla_l1_20210418T075213370_20210418T075221370.fits'
 'ch2_cla_l1_20210418T075221370_20210418T075229370.fits'
 'ch2_cla_l1_20210418T075229370_20210418T075237370.fits'
 'ch2_cla_l1_20210418T075237370_20210418T075245370.fits'
 'ch2_cla_l1_20210418T075245370_20210418T075253370.fits'
 'ch2_cla_l1_20210418T075253370_20210418T075301370.fits'
 'ch2_cla_l1_20210418T075301370_20210418T075309370.fits'
 'ch2_cla_l1_20210418T075309370_20210418T075317370.fits'
 'ch2_cla_l1_20210418T075317370_20210418T075325370.fits'
 'ch2_cla_l1_20210418T075325370_20210418T075333370.fits'
 'ch2_cla_l1_20210418T075333370_20210418T075341370.fits'
 'ch2_cla_l1_20210418T075341370_20210418T075349370.fits'
 'ch2_cla_l1_20210418T075349370_20210418T075357370.fits'
 'ch2_cla_l1_20210418T075357370_20210418T075405370.fits'
 'ch2_cla_l1_20210418T075405370_20210418T075413370.fits'
 'ch2_cla_l1_20210418T075413370_20210418T075421370.fits'
 'ch2_cla_l1_20210418T075421370_20210418T075429370.fits'
 'ch2_cla_l1_20210418T075429370_20210418T075437370.fits'
 'ch2_cla_l1_20210418T075437370_20210418T075445370.fits'
 'ch2_cla_l1_20210418T075445370_20210418T075453370.fits'
 'ch2_cla_l1_20210418T075453370_20210418T075501370.fits'
 'ch2_cla_l1_20210418T075501370_20210418T075509370.fits'
 'ch2_cla_l1_20210418T075509370_20210418T075517370.fits'
 'ch2_cla_l1_20210418T075517370_20210418T075525370.fits'
 'ch2_cla_l1_20210418T075525370_20210418T075533370.fits'
 'ch2_cla_l1_20210418T075533370_20210418T075541370.fits'
 'ch2_cla_l1_20210418T075541370_20210418T075549370.fits'
 'ch2_cla_l1_20210418T075549370_20210418T075557370.fits'
 'ch2_cla_l1_20210418T075557370_20210418T075605370.fits'
 'ch2_cla_l1_20210418T075605370_20210418T075613370.fits'
 'ch2_cla_l1_20210418T075613370_20210418T075621370.fits'
 'ch2_cla_l1_20210418T075621370_20210418T075629370.fits'
 'ch2_cla_l1_20210418T075629370_20210418T075637370.fits'
 'ch2_cla_l1_20210418T075637370_20210418T075645370.fits'
 'ch2_cla_l1_20210418T075645370_20210418T075653370.fits'
 'ch2_cla_l1_20210418T075653370_20210418T075701370.fits'
 'ch2_cla_l1_20210418T075701370_20210418T075709370.fits'
 'ch2_cla_l1_20210418T075709370_20210418T075717370.fits'
 'ch2_cla_l1_20210418T075717370_20210418T075725370.fits'
 'ch2_cla_l1_20210418T075725370_20210418T075733370.fits'
 'ch2_cla_l1_20210418T075733370_20210418T075741370.fits'
 'ch2_cla_l1_20210418T075741370_20210418T075749370.fits'
 'ch2_cla_l1_20210418T075749370_20210418T075757370.fits'
 'ch2_cla_l1_20210418T075757370_20210418T075805370.fits'
 'ch2_cla_l1_20210418T075805370_20210418T075813370.fits'
 'ch2_cla_l1_20210418T075813370_20210418T075821370.fits'
 'ch2_cla_l1_20210418T075821370_20210418T075829370.fits'
 'ch2_cla_l1_20210418T075829370_20210418T075837370.fits'
 'ch2_cla_l1_20210418T075837370_20210418T075845370.fits'
 'ch2_cla_l1_20210418T075845370_20210418T075853370.fits'
 'ch2_cla_l1_20210418T075853370_20210418T075901370.fits'
 'ch2_cla_l1_20210418T075901370_20210418T075909370.fits'
 'ch2_cla_l1_20210418T075909370_20210418T075917370.fits'
 'ch2_cla_l1_20210418T075917370_20210418T075925370.fits'
 'ch2_cla_l1_20210418T075925370_20210418T075933370.fits'
 'ch2_cla_l1_20210418T075933370_20210418T075941370.fits'
 'ch2_cla_l1_20210418T075941370_20210418T075949370.fits'
 'ch2_cla_l1_20210418T075949370_20210418T075957370.fits'
 'ch2_cla_l1_20210418T075957370_20210418T080005370.fits'
 'ch2_cla_l1_20210418T080005370_20210418T080013370.fits'
 'ch2_cla_l1_20210418T080013370_20210418T080021370.fits'
 'ch2_cla_l1_20210418T080021370_20210418T080029370.fits'
 'ch2_cla_l1_20210418T080029370_20210418T080037370.fits'
 'ch2_cla_l1_20210418T080037370_20210418T080045370.fits'
 'ch2_cla_l1_20210418T080045370_20210418T080053370.fits'
 'ch2_cla_l1_20210418T080053370_20210418T080101370.fits'
 'ch2_cla_l1_20210418T080101370_20210418T080109370.fits'
 'ch2_cla_l1_20210418T080109370_20210418T080117370.fits'
 'ch2_cla_l1_20210418T080117370_20210418T080125370.fits'
 'ch2_cla_l1_20210418T080125370_20210418T080133370.fits'
 'ch2_cla_l1_20210418T080133370_20210418T080141370.fits'
 'ch2_cla_l1_20210418T080141370_20210418T080149370.fits'
 'ch2_cla_l1_20210418T080149370_20210418T080157370.fits'
 'ch2_cla_l1_20210418T080157370_20210418T080205370.fits'
 'ch2_cla_l1_20210418T080205370_20210418T080213370.fits'
 'ch2_cla_l1_20210418T080213370_20210418T080221370.fits'
 'ch2_cla_l1_20210418T080221370_20210418T080229370.fits'
 'ch2_cla_l1_20210418T080229370_20210418T080237370.fits'
 'ch2_cla_l1_20210418T080237370_20210418T080245370.fits'
 'ch2_cla_l1_20210418T080245370_20210418T080253370.fits'
 'ch2_cla_l1_20210418T080253370_20210418T080301370.fits'
 'ch2_cla_l1_20210418T080301370_20210418T080309370.fits'
 'ch2_cla_l1_20210418T080309370_20210418T080317370.fits'
 'ch2_cla_l1_20210418T080317370_20210418T080325370.fits'
 'ch2_cla_l1_20210418T080325370_20210418T080333370.fits'
 'ch2_cla_l1_20210418T080333370_20210418T080341370.fits'
 'ch2_cla_l1_20210418T080341370_20210418T080349370.fits'
 'ch2_cla_l1_20210418T080349370_20210418T080357370.fits'
 'ch2_cla_l1_20210418T080357370_20210418T080405370.fits'
 'ch2_cla_l1_20210418T080405370_20210418T080413370.fits'
 'ch2_cla_l1_20210418T080413370_20210418T080421370.fits'
 'ch2_cla_l1_20210418T080421370_20210418T080429370.fits'
 'ch2_cla_l1_20210418T080429370_20210418T080437370.fits'
 'ch2_cla_l1_20210418T080437370_20210418T080445370.fits'
 'ch2_cla_l1_20210418T080445370_20210418T080453370.fits'
 'ch2_cla_l1_20210418T080453370_20210418T080501370.fits'
 'ch2_cla_l1_20210418T080501370_20210418T080509370.fits'
 'ch2_cla_l1_20210418T080509370_20210418T080517370.fits'
 'ch2_cla_l1_20210418T080517370_20210418T080525370.fits'
 'ch2_cla_l1_20210418T080525370_20210418T080533370.fits'
 'ch2_cla_l1_20210418T080533370_20210418T080541370.fits'
 'ch2_cla_l1_20210418T080541370_20210418T080549370.fits'
 'ch2_cla_l1_20210418T080549370_20210418T080557370.fits'
 'ch2_cla_l1_20210418T080557370_20210418T080605370.fits'
 'ch2_cla_l1_20210418T080605370_20210418T080613370.fits'
 'ch2_cla_l1_20210418T080613370_20210418T080621370.fits'
 'ch2_cla_l1_20210418T080621370_20210418T080629370.fits'
 'ch2_cla_l1_20210418T080629370_20210418T080637370.fits'
 'ch2_cla_l1_20210418T080637370_20210418T080645370.fits'
 'ch2_cla_l1_20210418T080645370_20210418T080653370.fits'
 'ch2_cla_l1_20210418T080653370_20210418T080701370.fits'
 'ch2_cla_l1_20210418T080701370_20210418T080709370.fits'
 'ch2_cla_l1_20210418T080709370_20210418T080717370.fits'
 'ch2_cla_l1_20210418T080717370_20210418T080725370.fits'
 'ch2_cla_l1_20210418T080725370_20210418T080733370.fits'
 'ch2_cla_l1_20210418T080733370_20210418T080741370.fits'
 'ch2_cla_l1_20210418T080741370_20210418T080749370.fits'
 'ch2_cla_l1_20210418T080749370_20210418T080757370.fits'
 'ch2_cla_l1_20210418T080757370_20210418T080805370.fits'
 'ch2_cla_l1_20210418T080805370_20210418T080813370.fits'
 'ch2_cla_l1_20210418T080813370_20210418T080821370.fits'
 'ch2_cla_l1_20210418T080821370_20210418T080829370.fits'
 'ch2_cla_l1_20210418T080829370_20210418T080837370.fits'
 'ch2_cla_l1_20210418T080837370_20210418T080845370.fits'
 'ch2_cla_l1_20210418T080845370_20210418T080853370.fits'
 'ch2_cla_l1_20210418T080853370_20210418T080901370.fits'
 'ch2_cla_l1_20210418T080901370_20210418T080909370.fits'
 'ch2_cla_l1_20210418T080909370_20210418T080917370.fits'
 'ch2_cla_l1_20210418T080917370_20210418T080925370.fits'
 'ch2_cla_l1_20210418T080925370_20210418T080933370.fits'
 'ch2_cla_l1_20210418T080933370_20210418T080941370.fits'
 'ch2_cla_l1_20210418T080941370_20210418T080949370.fits'
 'ch2_cla_l1_20210418T080949370_20210418T080957370.fits'
 'ch2_cla_l1_20210418T080957370_20210418T081005370.fits'
 'ch2_cla_l1_20210418T081005370_20210418T081013370.fits'
 'ch2_cla_l1_20210418T081013370_20210418T081021370.fits'
 'ch2_cla_l1_20210418T081021370_20210418T081029370.fits'
 'ch2_cla_l1_20210418T081029370_20210418T081037370.fits'
 'ch2_cla_l1_20210418T081037370_20210418T081045370.fits'
 'ch2_cla_l1_20210418T081045370_20210418T081053370.fits'
 'ch2_cla_l1_20210418T081053370_20210418T081101370.fits'
 'ch2_cla_l1_20210418T081101370_20210418T081109370.fits'
 'ch2_cla_l1_20210418T081109370_20210418T081117370.fits'
 'ch2_cla_l1_20210418T081117370_20210418T081125370.fits'
 'ch2_cla_l1_20210418T081125370_20210418T081133370.fits'
 'ch2_cla_l1_20210418T081133370_20210418T081141370.fits'
 'ch2_cla_l1_20210418T081141370_20210418T081149370.fits'
 'ch2_cla_l1_20210418T081149370_20210418T081157370.fits'
 'ch2_cla_l1_20210418T081157370_20210418T081205370.fits'
 'ch2_cla_l1_20210418T081205370_20210418T081213370.fits'
 'ch2_cla_l1_20210418T081213370_20210418T081221370.fits'
 'ch2_cla_l1_20210418T081221370_20210418T081229370.fits'
 'ch2_cla_l1_20210418T081229370_20210418T081237370.fits'
 'ch2_cla_l1_20210418T081237370_20210418T081245370.fits'
 'ch2_cla_l1_20210418T081245370_20210418T081253370.fits'
 'ch2_cla_l1_20210418T081253370_20210418T081301370.fits'
 'ch2_cla_l1_20210418T081301370_20210418T081309370.fits'
 'ch2_cla_l1_20210418T081309370_20210418T081317370.fits'
 'ch2_cla_l1_20210418T081317370_20210418T081325370.fits'
 'ch2_cla_l1_20210418T081325370_20210418T081333370.fits'
 'ch2_cla_l1_20210418T081333370_20210418T081341370.fits'
 'ch2_cla_l1_20210418T081341370_20210418T081349370.fits'
 'ch2_cla_l1_20210418T081349370_20210418T081357370.fits'
 'ch2_cla_l1_20210418T081357370_20210418T081405370.fits'
 'ch2_cla_l1_20210418T081405370_20210418T081413370.fits'
 'ch2_cla_l1_20210418T081413370_20210418T081421370.fits'
 'ch2_cla_l1_20210418T081421370_20210418T081429370.fits'
 'ch2_cla_l1_20210418T081429370_20210418T081437370.fits'
 'ch2_cla_l1_20210418T081437370_20210418T081445370.fits'
 'ch2_cla_l1_20210418T081445370_20210418T081453370.fits'
 'ch2_cla_l1_20210418T081453370_20210418T081501370.fits'
 'ch2_cla_l1_20210418T081501370_20210418T081509370.fits'
 'ch2_cla_l1_20210418T081509370_20210418T081517370.fits'
 'ch2_cla_l1_20210418T081517370_20210418T081525370.fits'
 'ch2_cla_l1_20210418T081525370_20210418T081533370.fits'
 'ch2_cla_l1_20210418T081533370_20210418T081541370.fits'
 'ch2_cla_l1_20210418T081541370_20210418T081549370.fits'
 'ch2_cla_l1_20210418T081549370_20210418T081557370.fits'
 'ch2_cla_l1_20210418T081557370_20210418T081605370.fits'
 'ch2_cla_l1_20210418T081605370_20210418T081613370.fits'
 'ch2_cla_l1_20210418T081613370_20210418T081621370.fits'
 'ch2_cla_l1_20210418T081621370_20210418T081629370.fits'
 'ch2_cla_l1_20210418T081629370_20210418T081637370.fits'
 'ch2_cla_l1_20210418T081637370_20210418T081645370.fits'
 'ch2_cla_l1_20210418T081645370_20210418T081653370.fits'
 'ch2_cla_l1_20210418T081653370_20210418T081701370.fits'
 'ch2_cla_l1_20210418T081701370_20210418T081709370.fits'
 'ch2_cla_l1_20210418T081709370_20210418T081717370.fits'
 'ch2_cla_l1_20210418T081717370_20210418T081725370.fits'
 'ch2_cla_l1_20210418T081725370_20210418T081733370.fits'
 'ch2_cla_l1_20210418T081733370_20210418T081741370.fits'
 'ch2_cla_l1_20210418T081741370_20210418T081749370.fits'
 'ch2_cla_l1_20210418T081749370_20210418T081757370.fits'
 'ch2_cla_l1_20210418T081757370_20210418T081805370.fits'
 'ch2_cla_l1_20210418T081805370_20210418T081813370.fits'
 'ch2_cla_l1_20210418T081813370_20210418T081821370.fits'
 'ch2_cla_l1_20210418T081821370_20210418T081829370.fits'
 'ch2_cla_l1_20210418T081829370_20210418T081837370.fits'
 'ch2_cla_l1_20210418T081837370_20210418T081845370.fits'
 'ch2_cla_l1_20210418T081845370_20210418T081853370.fits'
 'ch2_cla_l1_20210418T081853370_20210418T081901370.fits'
 'ch2_cla_l1_20210418T081901370_20210418T081909370.fits'
 'ch2_cla_l1_20210418T081909370_20210418T081917370.fits'
 'ch2_cla_l1_20210418T081917370_20210418T081925370.fits'
 'ch2_cla_l1_20210418T081925370_20210418T081933370.fits'
 'ch2_cla_l1_20210418T081933370_20210418T081941370.fits'
 'ch2_cla_l1_20210418T081941370_20210418T081949370.fits'
 'ch2_cla_l1_20210418T081949370_20210418T081957370.fits'
 'ch2_cla_l1_20210418T081957370_20210418T082005370.fits'
 'ch2_cla_l1_20210418T082005370_20210418T082013370.fits'
 'ch2_cla_l1_20210418T082013370_20210418T082021370.fits'
 'ch2_cla_l1_20210418T082021370_20210418T082029370.fits'
 'ch2_cla_l1_20210418T082029370_20210418T082037370.fits'
 'ch2_cla_l1_20210418T082037370_20210418T082045370.fits'
 'ch2_cla_l1_20210418T082045370_20210418T082053370.fits'
 'ch2_cla_l1_20210418T082053370_20210418T082101370.fits'
 'ch2_cla_l1_20210418T082101370_20210418T082109370.fits'
 'ch2_cla_l1_20210418T082109370_20210418T082117370.fits'
 'ch2_cla_l1_20210418T082117370_20210418T082125370.fits'
 'ch2_cla_l1_20210418T082125370_20210418T082133370.fits'
 'ch2_cla_l1_20210418T082133370_20210418T082141370.fits'
 'ch2_cla_l1_20210418T082141370_20210418T082149370.fits'
 'ch2_cla_l1_20210418T082149370_20210418T082157370.fits'
 'ch2_cla_l1_20210418T082157370_20210418T082205370.fits'
 'ch2_cla_l1_20210418T082205370_20210418T082213370.fits'
 'ch2_cla_l1_20210418T082213370_20210418T082221370.fits'
 'ch2_cla_l1_20210418T082221370_20210418T082229370.fits'
 'ch2_cla_l1_20210418T082229370_20210418T082237370.fits'
 'ch2_cla_l1_20210418T082237370_20210418T082245370.fits'
 'ch2_cla_l1_20210418T082245370_20210418T082253370.fits'
 'ch2_cla_l1_20210418T082253370_20210418T082301370.fits'
 'ch2_cla_l1_20210418T082301370_20210418T082309370.fits'
 'ch2_cla_l1_20210418T082309370_20210418T082317370.fits'
 'ch2_cla_l1_20210418T082317370_20210418T082325370.fits'
 'ch2_cla_l1_20210418T082325370_20210418T082333370.fits'
 'ch2_cla_l1_20210418T082333370_20210418T082341370.fits'
 'ch2_cla_l1_20210418T082341370_20210418T082349370.fits'
 'ch2_cla_l1_20210418T082349370_20210418T082357370.fits'
 'ch2_cla_l1_20210418T082357370_20210418T082405370.fits'
 'ch2_cla_l1_20210418T082405370_20210418T082413370.fits'
 'ch2_cla_l1_20210418T082413370_20210418T082421370.fits'
 'ch2_cla_l1_20210418T082421370_20210418T082429370.fits'
 'ch2_cla_l1_20210418T082429370_20210418T082437370.fits'
 'ch2_cla_l1_20210418T082437370_20210418T082445370.fits'
 'ch2_cla_l1_20210418T082445370_20210418T082453370.fits'
 'ch2_cla_l1_20210418T082453370_20210418T082501370.fits'
 'ch2_cla_l1_20210418T082501370_20210418T082509370.fits'
 'ch2_cla_l1_20210418T082509370_20210418T082517370.fits'
 'ch2_cla_l1_20210418T082517370_20210418T082525370.fits'
 'ch2_cla_l1_20210418T082525370_20210418T082533370.fits'
 'ch2_cla_l1_20210418T082533370_20210418T082541370.fits']","['ch2_cla_l1_20210418T064408916_20210418T064411297.fits'
 'ch2_cla_l1_20210418T071021370_20210418T071029370.fits'
 'ch2_cla_l1_20210418T071029370_20210418T071037370.fits'
 'ch2_cla_l1_20210418T071037370_20210418T071045370.fits'
 'ch2_cla_l1_20210418T071045370_20210418T071053370.fits'
 'ch2_cla_l1_20210418T071053370_20210418T071101370.fits'
 'ch2_cla_l1_20210418T071101370_20210418T071109370.fits'
 'ch2_cla_l1_20210418T071109370_20210418T071117370.fits'
 'ch2_cla_l1_20210418T071117370_20210418T071125370.fits'
 'ch2_cla_l1_20210418T071125370_20210418T071133370.fits'
 'ch2_cla_l1_20210418T071133370_20210418T071141370.fits'
 'ch2_cla_l1_20210418T071141370_20210418T071149370.fits'
 'ch2_cla_l1_20210418T071149370_20210418T071157370.fits'
 'ch2_cla_l1_20210418T071157370_20210418T071205370.fits'
 'ch2_cla_l1_20210418T071205370_20210418T071213370.fits'
 'ch2_cla_l1_20210418T071213370_20210418T071221370.fits'
 'ch2_cla_l1_20210418T071221370_20210418T071229370.fits'
 'ch2_cla_l1_20210418T071229370_20210418T071237370.fits'
 'ch2_cla_l1_20210418T071237370_20210418T071245370.fits'
 'ch2_cla_l1_20210418T071245370_20210418T071253370.fits'
 'ch2_cla_l1_20210418T071253370_20210418T071301370.fits'
 'ch2_cla_l1_20210418T071301370_20210418T071309370.fits'
 'ch2_cla_l1_20210418T071309370_20210418T071317370.fits'
 'ch2_cla_l1_20210418T071317370_20210418T071325370.fits'
 'ch2_cla_l1_20210418T071325370_20210418T071333370.fits'
 'ch2_cla_l1_20210418T071333370_20210418T071341370.fits'
 'ch2_cla_l1_20210418T071341370_20210418T071349370.fits'
 'ch2_cla_l1_20210418T071349370_20210418T071357370.fits'
 'ch2_cla_l1_20210418T071357370_20210418T071405370.fits'
 'ch2_cla_l1_20210418T071405370_20210418T071413370.fits'
 'ch2_cla_l1_20210418T071413370_20210418T071421370.fits'
 'ch2_cla_l1_20210418T071421370_20210418T071429370.fits'
 'ch2_cla_l1_20210418T071429370_20210418T071437370.fits'
 'ch2_cla_l1_20210418T071437370_20210418T071445370.fits'
 'ch2_cla_l1_20210418T071445370_20210418T071453370.fits'
 'ch2_cla_l1_20210418T071453370_20210418T071501370.fits'
 'ch2_cla_l1_20210418T071501370_20210418T071509370.fits'
 'ch2_cla_l1_20210418T071509370_20210418T071517370.fits'
 'ch2_cla_l1_20210418T071517370_20210418T071525370.fits'
 'ch2_cla_l1_20210418T071525370_20210418T071533370.fits'
 'ch2_cla_l1_20210418T071533370_20210418T071541370.fits'
 'ch2_cla_l1_20210418T071541370_20210418T071549370.fits'
 'ch2_cla_l1_20210418T071549370_20210418T071557370.fits'
 'ch2_cla_l1_20210418T071557370_20210418T071605370.fits'
 'ch2_cla_l1_20210418T071605370_20210418T071613370.fits'
 'ch2_cla_l1_20210418T071613370_20210418T071621370.fits'
 'ch2_cla_l1_20210418T071621370_20210418T071629370.fits'
 'ch2_cla_l1_20210418T071629370_20210418T071637370.fits'
 'ch2_cla_l1_20210418T071637370_20210418T071645370.fits'
 'ch2_cla_l1_20210418T071645370_20210418T071653370.fits'
 'ch2_cla_l1_20210418T071653370_20210418T071701370.fits'
 'ch2_cla_l1_20210418T071701370_20210418T071709370.fits'
 'ch2_cla_l1_20210418T071709370_20210418T071717370.fits'
 'ch2_cla_l1_20210418T071717370_20210418T071725370.fits'
 'ch2_cla_l1_20210418T071725370_20210418T071733370.fits'
 'ch2_cla_l1_20210418T071733370_20210418T071741370.fits'
 'ch2_cla_l1_20210418T071741370_20210418T071749370.fits'
 'ch2_cla_l1_20210418T071749370_20210418T071757370.fits'
 'ch2_cla_l1_20210418T071757370_20210418T071805370.fits'
 'ch2_cla_l1_20210418T071805370_20210418T071813370.fits'
 'ch2_cla_l1_20210418T071813370_20210418T071821370.fits'
 'ch2_cla_l1_20210418T071821370_20210418T071829370.fits'
 'ch2_cla_l1_20210418T071829370_20210418T071837370.fits'
 'ch2_cla_l1_20210418T071837370_20210418T071845370.fits'
 'ch2_cla_l1_20210418T071845370_20210418T071853370.fits'
 'ch2_cla_l1_20210418T071853370_20210418T071901370.fits'
 'ch2_cla_l1_20210418T071901370_20210418T071909370.fits'
 'ch2_cla_l1_20210418T071909370_20210418T071917370.fits'
 'ch2_cla_l1_20210418T071917370_20210418T071925370.fits'
 'ch2_cla_l1_20210418T071925370_20210418T071933370.fits'
 'ch2_cla_l1_20210418T071933370_20210418T071941370.fits'
 'ch2_cla_l1_20210418T071941370_20210418T071949370.fits'
 'ch2_cla_l1_20210418T071949370_20210418T071957370.fits'
 'ch2_cla_l1_20210418T071957370_20210418T072005370.fits'
 'ch2_cla_l1_20210418T072005370_20210418T072013370.fits'
 'ch2_cla_l1_20210418T072013370_20210418T072021370.fits'
 'ch2_cla_l1_20210418T072021370_20210418T072029370.fits'
 'ch2_cla_l1_20210418T072029370_20210418T072037370.fits'
 'ch2_cla_l1_20210418T072037370_20210418T072045370.fits'
 'ch2_cla_l1_20210418T072045370_20210418T072053370.fits'
 'ch2_cla_l1_20210418T072053370_20210418T072101370.fits'
 'ch2_cla_l1_20210418T072101370_20210418T072109370.fits'
 'ch2_cla_l1_20210418T072109370_20210418T072117370.fits'
 'ch2_cla_l1_20210418T072117370_20210418T072125370.fits'
 'ch2_cla_l1_20210418T072125370_20210418T072133370.fits'
 'ch2_cla_l1_20210418T072133370_20210418T072141370.fits'
 'ch2_cla_l1_20210418T072141370_20210418T072149370.fits'
 'ch2_cla_l1_20210418T072149370_20210418T072157370.fits'
 'ch2_cla_l1_20210418T072157370_20210418T072205370.fits'
 'ch2_cla_l1_20210418T072205370_20210418T072213370.fits'
 'ch2_cla_l1_20210418T072213370_20210418T072221370.fits'
 'ch2_cla_l1_20210418T072221370_20210418T072229370.fits'
 'ch2_cla_l1_20210418T072229370_20210418T072237370.fits'
 'ch2_cla_l1_20210418T072237370_20210418T072245370.fits'
 'ch2_cla_l1_20210418T072245370_20210418T072253370.fits'
 'ch2_cla_l1_20210418T072253370_20210418T072301370.fits'
 'ch2_cla_l1_20210418T072301370_20210418T072309370.fits'
 'ch2_cla_l1_20210418T072309370_20210418T072317370.fits'
 'ch2_cla_l1_20210418T072317370_20210418T072325370.fits'
 'ch2_cla_l1_20210418T072325370_20210418T072333370.fits'
 'ch2_cla_l1_20210418T072333370_20210418T072341370.fits'
 'ch2_cla_l1_20210418T072341370_20210418T072349370.fits'
 'ch2_cla_l1_20210418T072349370_20210418T072357370.fits'
 'ch2_cla_l1_20210418T072357370_20210418T072405370.fits'
 'ch2_cla_l1_20210418T072405370_20210418T072413370.fits'
 'ch2_cla_l1_20210418T072413370_20210418T072421370.fits'
 'ch2_cla_l1_20210418T072421370_20210418T072429370.fits'
 'ch2_cla_l1_20210418T072429370_20210418T072437370.fits'
 'ch2_cla_l1_20210418T072437370_20210418T072445370.fits'
 'ch2_cla_l1_20210418T072445370_20210418T072453370.fits'
 'ch2_cla_l1_20210418T072453370_20210418T072501370.fits'
 'ch2_cla_l1_20210418T072501370_20210418T072509370.fits'
 'ch2_cla_l1_20210418T072509370_20210418T072517370.fits'
 'ch2_cla_l1_20210418T072517370_20210418T072525370.fits'
 'ch2_cla_l1_20210418T072525370_20210418T072533370.fits'
 'ch2_cla_l1_20210418T082629370_20210418T082637370.fits'
 'ch2_cla_l1_20210418T082637370_20210418T082645370.fits'
 'ch2_cla_l1_20210418T082645370_20210418T082653370.fits'
 'ch2_cla_l1_20210418T082653370_20210418T082701370.fits'
 'ch2_cla_l1_20210418T082701370_20210418T082709370.fits'
 'ch2_cla_l1_20210418T082709370_20210418T082717370.fits'
 'ch2_cla_l1_20210418T082717370_20210418T082725370.fits'
 'ch2_cla_l1_20210418T082725370_20210418T082733370.fits'
 'ch2_cla_l1_20210418T082733370_20210418T082741370.fits'
 'ch2_cla_l1_20210418T082741370_20210418T082749370.fits'
 'ch2_cla_l1_20210418T082749370_20210418T082757370.fits'
 'ch2_cla_l1_20210418T082757370_20210418T082805370.fits'
 'ch2_cla_l1_20210418T082805370_20210418T082813370.fits'
 'ch2_cla_l1_20210418T082813370_20210418T082821370.fits'
 'ch2_cla_l1_20210418T082821370_20210418T082829370.fits'
 'ch2_cla_l1_20210418T082829370_20210418T082837370.fits'
 'ch2_cla_l1_20210418T082837370_20210418T082845370.fits'
 'ch2_cla_l1_20210418T082845370_20210418T082853370.fits'
 'ch2_cla_l1_20210418T082853370_20210418T082901370.fits'
 'ch2_cla_l1_20210418T082901370_20210418T082909370.fits'
 'ch2_cla_l1_20210418T082909370_20210418T082917370.fits'
 'ch2_cla_l1_20210418T082917370_20210418T082925370.fits'
 'ch2_cla_l1_20210418T082925370_20210418T082933370.fits'
 'ch2_cla_l1_20210418T082933370_20210418T082941370.fits'
 'ch2_cla_l1_20210418T082941370_20210418T082949370.fits'
 'ch2_cla_l1_20210418T082949370_20210418T082957370.fits'
 'ch2_cla_l1_20210418T082957370_20210418T083005370.fits'
 'ch2_cla_l1_20210418T083005370_20210418T083013370.fits'
 'ch2_cla_l1_20210418T083013370_20210418T083021370.fits'
 'ch2_cla_l1_20210418T083021370_20210418T083029370.fits'
 'ch2_cla_l1_20210418T083029370_20210418T083037370.fits'
 'ch2_cla_l1_20210418T083037370_20210418T083045370.fits'
 'ch2_cla_l1_20210418T083045370_20210418T083053370.fits'
 'ch2_cla_l1_20210418T083053370_20210418T083101370.fits'
 'ch2_cla_l1_20210418T083101370_20210418T083109370.fits'
 'ch2_cla_l1_20210418T083109370_20210418T083117370.fits'
 'ch2_cla_l1_20210418T083117370_20210418T083125370.fits'
 'ch2_cla_l1_20210418T083125370_20210418T083133370.fits'
 'ch2_cla_l1_20210418T083133370_20210418T083141370.fits'
 'ch2_cla_l1_20210418T083141370_20210418T083149370.fits'
 'ch2_cla_l1_20210418T083149370_20210418T083157370.fits'
 'ch2_cla_l1_20210418T083157370_20210418T083205370.fits'
 'ch2_cla_l1_20210418T083205370_20210418T083213370.fits'
 'ch2_cla_l1_20210418T083213370_20210418T083221370.fits'
 'ch2_cla_l1_20210418T083221370_20210418T083229370.fits'
 'ch2_cla_l1_20210418T083229370_20210418T083237370.fits'
 'ch2_cla_l1_20210418T083237370_20210418T083245370.fits'
 'ch2_cla_l1_20210418T083245370_20210418T083253370.fits'
 'ch2_cla_l1_20210418T083253370_20210418T083301370.fits'
 'ch2_cla_l1_20210418T083301370_20210418T083309370.fits'
 'ch2_cla_l1_20210418T083309370_20210418T083317370.fits'
 'ch2_cla_l1_20210418T083317370_20210418T083325370.fits'
 'ch2_cla_l1_20210418T083325370_20210418T083333370.fits'
 'ch2_cla_l1_20210418T083333370_20210418T083341370.fits'
 'ch2_cla_l1_20210418T083341370_20210418T083349370.fits'
 'ch2_cla_l1_20210418T083349370_20210418T083357370.fits'
 'ch2_cla_l1_20210418T083357370_20210418T083405370.fits'
 'ch2_cla_l1_20210418T083405370_20210418T083413370.fits'
 'ch2_cla_l1_20210418T083413370_20210418T083421370.fits'
 'ch2_cla_l1_20210418T083421370_20210418T083429370.fits'
 'ch2_cla_l1_20210418T083429370_20210418T083437370.fits'
 'ch2_cla_l1_20210418T083437370_20210418T083445370.fits'
 'ch2_cla_l1_20210418T083445370_20210418T083453370.fits'
 'ch2_cla_l1_20210418T083453370_20210418T083501370.fits'
 'ch2_cla_l1_20210418T083501370_20210418T083509370.fits'
 'ch2_cla_l1_20210418T083509370_20210418T083517370.fits'
 'ch2_cla_l1_20210418T083517370_20210418T083525370.fits'
 'ch2_cla_l1_20210418T083525370_20210418T083533370.fits'
 'ch2_cla_l1_20210418T083533370_20210418T083541370.fits'
 'ch2_cla_l1_20210418T083541370_20210418T083549370.fits'
 'ch2_cla_l1_20210418T083549370_20210418T083557370.fits'
 'ch2_cla_l1_20210418T083557370_20210418T083605370.fits'
 'ch2_cla_l1_20210418T083605370_20210418T083613370.fits'
 'ch2_cla_l1_20210418T083613370_20210418T083621370.fits'
 'ch2_cla_l1_20210418T083621370_20210418T083629370.fits'
 'ch2_cla_l1_20210418T083629370_20210418T083637370.fits'
 'ch2_cla_l1_20210418T083637370_20210418T083645370.fits'
 'ch2_cla_l1_20210418T083645370_20210418T083653370.fits'
 'ch2_cla_l1_20210418T083653370_20210418T083701370.fits'
 'ch2_cla_l1_20210418T083701370_20210418T083709370.fits'
 'ch2_cla_l1_20210418T083709370_20210418T083717370.fits'
 'ch2_cla_l1_20210418T083717370_20210418T083725370.fits'
 'ch2_cla_l1_20210418T083725370_20210418T083733370.fits'
 'ch2_cla_l1_20210418T083733370_20210418T083741370.fits'
 'ch2_cla_l1_20210418T083741370_20210418T083749370.fits'
 'ch2_cla_l1_20210418T083749370_20210418T083757370.fits'
 'ch2_cla_l1_20210418T083757370_20210418T083805370.fits'
 'ch2_cla_l1_20210418T083805370_20210418T083813370.fits'
 'ch2_cla_l1_20210418T083813370_20210418T083821370.fits'
 'ch2_cla_l1_20210418T083821370_20210418T083829370.fits'
 'ch2_cla_l1_20210418T083829370_20210418T083837370.fits'
 'ch2_cla_l1_20210418T083837370_20210418T083845370.fits'
 'ch2_cla_l1_20210418T083845370_20210418T083853370.fits'
 'ch2_cla_l1_20210418T083853370_20210418T083901370.fits'
 'ch2_cla_l1_20210418T083901370_20210418T083909370.fits'
 'ch2_cla_l1_20210418T083909370_20210418T083917370.fits'
 'ch2_cla_l1_20210418T083917370_20210418T083925370.fits'
 'ch2_cla_l1_20210418T083925370_20210418T083933370.fits'
 'ch2_cla_l1_20210418T083933370_20210418T083941370.fits'
 'ch2_cla_l1_20210418T083941370_20210418T083949370.fits'
 'ch2_cla_l1_20210418T083949370_20210418T083957370.fits'
 'ch2_cla_l1_20210418T083957370_20210418T084005370.fits'
 'ch2_cla_l1_20210418T084005370_20210418T084013370.fits'
 'ch2_cla_l1_20210418T084013370_20210418T084021370.fits'
 'ch2_cla_l1_20210418T084021370_20210418T084029370.fits'
 'ch2_cla_l1_20210418T084029370_20210418T084037370.fits'
 'ch2_cla_l1_20210418T084037370_20210418T084045370.fits'
 'ch2_cla_l1_20210418T084045370_20210418T084053370.fits'
 'ch2_cla_l1_20210418T084053370_20210418T084101370.fits'
 'ch2_cla_l1_20210418T084101370_20210418T084109370.fits'
 'ch2_cla_l1_20210418T084109370_20210418T084117370.fits'
 'ch2_cla_l1_20210418T084117370_20210418T084125370.fits'
 'ch2_cla_l1_20210418T084125370_20210418T084133370.fits'
 'ch2_cla_l1_20210418T084133370_20210418T084141370.fits']"
"['ch2_cla_l1_20210418T092352792_20210418T092400792.fits'
 'ch2_cla_l1_20210418T092400792_20210418T092408792.fits'
 'ch2_cla_l1_20210418T092408792_20210418T092416792.fits'
 'ch2_cla_l1_20210418T092416792_20210418T092424792.fits'
 'ch2_cla_l1_20210418T092424792_20210418T092432792.fits'
 'ch2_cla_l1_20210418T092432792_20210418T092440792.fits'
 'ch2_cla_l1_20210418T092440792_20210418T092448792.fits'
 'ch2_cla_l1_20210418T092448792_20210418T092456792.fits'
 'ch2_cla_l1_20210418T092456792_20210418T092504792.fits'
 'ch2_cla_l1_20210418T092504792_20210418T092512792.fits'
 'ch2_cla_l1_20210418T092512792_20210418T092520792.fits'
 'ch2_cla_l1_20210418T092520792_20210418T092528792.fits'
 'ch2_cla_l1_20210418T092528792_20210418T092536792.fits'
 'ch2_cla_l1_20210418T092536792_20210418T092544792.fits'
 'ch2_cla_l1_20210418T092544792_20210418T092552792.fits'
 'ch2_cla_l1_20210418T092552792_20210418T092600792.fits'
 'ch2_cla_l1_20210418T092600792_20210418T092608792.fits'
 'ch2_cla_l1_20210418T092608792_20210418T092616792.fits'
 'ch2_cla_l1_20210418T092616792_20210418T092624792.fits'
 'ch2_cla_l1_20210418T092624792_20210418T092632792.fits'
 'ch2_cla_l1_20210418T092632792_20210418T092640792.fits'
 'ch2_cla_l1_20210418T092640792_20210418T092648792.fits'
 'ch2_cla_l1_20210418T092648792_20210418T092656792.fits'
 'ch2_cla_l1_20210418T092656792_20210418T092704792.fits'
 'ch2_cla_l1_20210418T092704792_20210418T092712792.fits'
 'ch2_cla_l1_20210418T092712792_20210418T092720792.fits'
 'ch2_cla_l1_20210418T092720792_20210418T092728792.fits'
 'ch2_cla_l1_20210418T092728792_20210418T092736792.fits'
 'ch2_cla_l1_20210418T092736792_20210418T092744792.fits'
 'ch2_cla_l1_20210418T092744792_20210418T092752792.fits'
 'ch2_cla_l1_20210418T092752792_20210418T092800792.fits'
 'ch2_cla_l1_20210418T092800792_20210418T092808792.fits'
 'ch2_cla_l1_20210418T092808792_20210418T092816792.fits'
 'ch2_cla_l1_20210418T092816792_20210418T092824792.fits'
 'ch2_cla_l1_20210418T092824792_20210418T092832792.fits'
 'ch2_cla_l1_20210418T092832792_20210418T092840792.fits'
 'ch2_cla_l1_20210418T092840792_20210418T092848792.fits'
 'ch2_cla_l1_20210418T092848792_20210418T092856792.fits'
 'ch2_cla_l1_20210418T092856792_20210418T092904792.fits'
 'ch2_cla_l1_20210418T092904792_20210418T092912792.fits'
 'ch2_cla_l1_20210418T092912792_20210418T092920792.fits'
 'ch2_cla_l1_20210418T092920792_20210418T092928792.fits'
 'ch2_cla_l1_20210418T092928792_20210418T092936792.fits'
 'ch2_cla_l1_20210418T092936792_20210418T092944792.fits'
 'ch2_cla_l1_20210418T092944792_20210418T092952792.fits'
 'ch2_cla_l1_20210418T092952792_20210418T093000792.fits'
 'ch2_cla_l1_20210418T093000792_20210418T093008792.fits'
 'ch2_cla_l1_20210418T093008792_20210418T093016792.fits'
 'ch2_cla_l1_20210418T093016792_20210418T093024792.fits'
 'ch2_cla_l1_20210418T093024792_20210418T093032792.fits'
 'ch2_cla_l1_20210418T093032792_20210418T093040792.fits'
 'ch2_cla_l1_20210418T093040792_20210418T093048792.fits'
 'ch2_cla_l1_20210418T093048792_20210418T093056792.fits'
 'ch2_cla_l1_20210418T093056792_20210418T093104792.fits'
 'ch2_cla_l1_20210418T093104792_20210418T093112792.fits'
 'ch2_cla_l1_20210418T093112792_20210418T093120792.fits'
 'ch2_cla_l1_20210418T093120792_20210418T093128792.fits'
 'ch2_cla_l1_20210418T093128792_20210418T093136792.fits'
 'ch2_cla_l1_20210418T093136792_20210418T093144792.fits'
 'ch2_cla_l1_20210418T093144792_20210418T093152792.fits'
 'ch2_cla_l1_20210418T093152792_20210418T093200792.fits'
 'ch2_cla_l1_20210418T093200792_20210418T093208792.fits'
 'ch2_cla_l1_20210418T093208792_20210418T093216792.fits'
 'ch2_cla_l1_20210418T093216792_20210418T093224792.fits'
 'ch2_cla_l1_20210418T093224792_20210418T093232792.fits'
 'ch2_cla_l1_20210418T093232792_20210418T093240792.fits'
 'ch2_cla_l1_20210418T093240792_20210418T093248792.fits'
 'ch2_cla_l1_20210418T093248792_20210418T093256792.fits'
 'ch2_cla_l1_20210418T093256792_20210418T093304792.fits'
 'ch2_cla_l1_20210418T093304792_20210418T093312792.fits'
 'ch2_cla_l1_20210418T093312792_20210418T093320792.fits'
 'ch2_cla_l1_20210418T093320792_20210418T093328792.fits'
 'ch2_cla_l1_20210418T093328792_20210418T093336792.fits'
 'ch2_cla_l1_20210418T093336792_20210418T093344792.fits'
 'ch2_cla_l1_20210418T093344792_20210418T093352792.fits'
 'ch2_cla_l1_20210418T093352792_20210418T093400792.fits'
 'ch2_cla_l1_20210418T093400792_20210418T093408792.fits'
 'ch2_cla_l1_20210418T093408792_20210418T093416792.fits'
 'ch2_cla_l1_20210418T093416792_20210418T093424792.fits'
 'ch2_cla_l1_20210418T093424792_20210418T093432792.fits'
 'ch2_cla_l1_20210418T093432792_20210418T093440792.fits'
 'ch2_cla_l1_20210418T093440792_20210418T093448792.fits'
 'ch2_cla_l1_20210418T093448792_20210418T093456792.fits'
 'ch2_cla_l1_20210418T093456792_20210418T093504792.fits'
 'ch2_cla_l1_20210418T093504792_20210418T093512792.fits'
 'ch2_cla_l1_20210418T093512792_20210418T093520792.fits'
 'ch2_cla_l1_20210418T093520792_20210418T093528792.fits'
 'ch2_cla_l1_20210418T093528792_20210418T093536792.fits'
 'ch2_cla_l1_20210418T093536792_20210418T093544792.fits'
 'ch2_cla_l1_20210418T093544792_20210418T093552792.fits'
 'ch2_cla_l1_20210418T093552792_20210418T093600792.fits'
 'ch2_cla_l1_20210418T093600792_20210418T093608792.fits'
 'ch2_cla_l1_20210418T093608792_20210418T093616792.fits'
 'ch2_cla_l1_20210418T093616792_20210418T093624792.fits'
 'ch2_cla_l1_20210418T093624792_20210418T093632792.fits'
 'ch2_cla_l1_20210418T093632792_20210418T093640792.fits'
 'ch2_cla_l1_20210418T093640792_20210418T093648792.fits'
 'ch2_cla_l1_20210418T093648792_20210418T093656792.fits'
 'ch2_cla_l1_20210418T093656792_20210418T093704792.fits'
 'ch2_cla_l1_20210418T093704792_20210418T093712792.fits'
 'ch2_cla_l1_20210418T093712792_20210418T093720792.fits'
 'ch2_cla_l1_20210418T093720792_20210418T093728792.fits'
 'ch2_cla_l1_20210418T093728792_20210418T093736792.fits'
 'ch2_cla_l1_20210418T093736792_20210418T093744792.fits'
 'ch2_cla_l1_20210418T093744792_20210418T093752792.fits'
 'ch2_cla_l1_20210418T093752792_20210418T093800792.fits'
 'ch2_cla_l1_20210418T093800792_20210418T093808792.fits'
 'ch2_cla_l1_20210418T093808792_20210418T093816792.fits'
 'ch2_cla_l1_20210418T093816792_20210418T093824792.fits'
 'ch2_cla_l1_20210418T093824792_20210418T093832792.fits'
 'ch2_cla_l1_20210418T093832792_20210418T093840792.fits'
 'ch2_cla_l1_20210418T093840792_20210418T093848792.fits'
 'ch2_cla_l1_20210418T093848792_20210418T093856792.fits'
 'ch2_cla_l1_20210418T093856792_20210418T093904792.fits'
 'ch2_cla_l1_20210418T093904792_20210418T093912792.fits'
 'ch2_cla_l1_20210418T093912792_20210418T093920792.fits'
 'ch2_cla_l1_20210418T093920792_20210418T093928792.fits'
 'ch2_cla_l1_20210418T093928792_20210418T093936792.fits'
 'ch2_cla_l1_20210418T093936792_20210418T093944792.fits'
 'ch2_cla_l1_20210418T093944792_20210418T093952792.fits'
 'ch2_cla_l1_20210418T093952792_20210418T094000792.fits'
 'ch2_cla_l1_20210418T094000792_20210418T094008792.fits'
 'ch2_cla_l1_20210418T094008792_20210418T094016792.fits'
 'ch2_cla_l1_20210418T094016792_20210418T094024792.fits'
 'ch2_cla_l1_20210418T094024792_20210418T094032792.fits'
 'ch2_cla_l1_20210418T094032792_20210418T094040792.fits'
 'ch2_cla_l1_20210418T094040792_20210418T094048792.fits'
 'ch2_cla_l1_20210418T094048792_20210418T094056792.fits'
 'ch2_cla_l1_20210418T094056792_20210418T094104792.fits'
 'ch2_cla_l1_20210418T094104792_20210418T094112792.fits'
 'ch2_cla_l1_20210418T094112792_20210418T094120792.fits'
 'ch2_cla_l1_20210418T094120792_20210418T094128792.fits'
 'ch2_cla_l1_20210418T094128792_20210418T094136792.fits'
 'ch2_cla_l1_20210418T094136792_20210418T094144792.fits'
 'ch2_cla_l1_20210418T094144792_20210418T094152792.fits'
 'ch2_cla_l1_20210418T094152792_20210418T094200792.fits'
 'ch2_cla_l1_20210418T094200792_20210418T094208792.fits'
 'ch2_cla_l1_20210418T094208792_20210418T094216792.fits'
 'ch2_cla_l1_20210418T094216792_20210418T094224792.fits'
 'ch2_cla_l1_20210418T094224792_20210418T094232792.fits'
 'ch2_cla_l1_20210418T094232792_20210418T094240792.fits'
 'ch2_cla_l1_20210418T094240792_20210418T094248792.fits'
 'ch2_cla_l1_20210418T094248792_20210418T094256792.fits'
 'ch2_cla_l1_20210418T094256792_20210418T094304792.fits'
 'ch2_cla_l1_20210418T094304792_20210418T094312792.fits'
 'ch2_cla_l1_20210418T094312792_20210418T094320792.fits'
 'ch2_cla_l1_20210418T094320792_20210418T094328792.fits'
 'ch2_cla_l1_20210418T094328792_20210418T094336792.fits'
 'ch2_cla_l1_20210418T094336792_20210418T094344792.fits'
 'ch2_cla_l1_20210418T094344792_20210418T094352792.fits'
 'ch2_cla_l1_20210418T094352792_20210418T094400792.fits'
 'ch2_cla_l1_20210418T094400792_20210418T094408792.fits'
 'ch2_cla_l1_20210418T094408792_20210418T094416792.fits'
 'ch2_cla_l1_20210418T094416792_20210418T094424792.fits'
 'ch2_cla_l1_20210418T094424792_20210418T094432792.fits'
 'ch2_cla_l1_20210418T094432792_20210418T094440792.fits'
 'ch2_cla_l1_20210418T094440792_20210418T094448792.fits'
 'ch2_cla_l1_20210418T094448792_20210418T094456792.fits'
 'ch2_cla_l1_20210418T094456792_20210418T094504792.fits'
 'ch2_cla_l1_20210418T094504792_20210418T094512792.fits'
 'ch2_cla_l1_20210418T094512792_20210418T094520792.fits'
 'ch2_cla_l1_20210418T094520792_20210418T094528792.fits'
 'ch2_cla_l1_20210418T094528792_20210418T094536792.fits'
 'ch2_cla_l1_20210418T094536792_20210418T094544792.fits'
 'ch2_cla_l1_20210418T094544792_20210418T094552792.fits'
 'ch2_cla_l1_20210418T094552792_20210418T094600792.fits'
 'ch2_cla_l1_20210418T094600792_20210418T094608792.fits'
 'ch2_cla_l1_20210418T094608792_20210418T094616792.fits'
 'ch2_cla_l1_20210418T094616792_20210418T094624792.fits'
 'ch2_cla_l1_20210418T094624792_20210418T094632792.fits'
 'ch2_cla_l1_20210418T094632792_20210418T094640792.fits'
 'ch2_cla_l1_20210418T094640792_20210418T094648792.fits'
 'ch2_cla_l1_20210418T094648792_20210418T094656792.fits'
 'ch2_cla_l1_20210418T094656792_20210418T094704792.fits'
 'ch2_cla_l1_20210418T094704792_20210418T094712792.fits'
 'ch2_cla_l1_20210418T094712792_20210418T094720792.fits'
 'ch2_cla_l1_20210418T094720792_20210418T094728792.fits'
 'ch2_cla_l1_20210418T094728792_20210418T094736792.fits'
 'ch2_cla_l1_20210418T094736792_20210418T094744792.fits'
 'ch2_cla_l1_20210418T094744792_20210418T094752792.fits'
 'ch2_cla_l1_20210418T094752792_20210418T094800792.fits'
 'ch2_cla_l1_20210418T094800792_20210418T094808792.fits'
 'ch2_cla_l1_20210418T094808792_20210418T094816792.fits'
 'ch2_cla_l1_20210418T094816792_20210418T094824792.fits'
 'ch2_cla_l1_20210418T094824792_20210418T094832792.fits'
 'ch2_cla_l1_20210418T094832792_20210418T094840792.fits'
 'ch2_cla_l1_20210418T094840792_20210418T094848792.fits'
 'ch2_cla_l1_20210418T094848792_20210418T094856792.fits'
 'ch2_cla_l1_20210418T094856792_20210418T094904792.fits'
 'ch2_cla_l1_20210418T094904792_20210418T094912792.fits'
 'ch2_cla_l1_20210418T094912792_20210418T094920792.fits'
 'ch2_cla_l1_20210418T094920792_20210418T094928792.fits'
 'ch2_cla_l1_20210418T094928792_20210418T094936792.fits'
 'ch2_cla_l1_20210418T094936792_20210418T094944792.fits'
 'ch2_cla_l1_20210418T094944792_20210418T094952792.fits'
 'ch2_cla_l1_20210418T094952792_20210418T095000792.fits'
 'ch2_cla_l1_20210418T095000792_20210418T095008792.fits'
 'ch2_cla_l1_20210418T095008792_20210418T095016792.fits'
 'ch2_cla_l1_20210418T095016792_20210418T095024792.fits'
 'ch2_cla_l1_20210418T095024792_20210418T095032792.fits'
 'ch2_cla_l1_20210418T095032792_20210418T095040792.fits'
 'ch2_cla_l1_20210418T095040792_20210418T095048792.fits'
 'ch2_cla_l1_20210418T095048792_20210418T095056792.fits'
 'ch2_cla_l1_20210418T095056792_20210418T095104792.fits'
 'ch2_cla_l1_20210418T095104792_20210418T095112792.fits'
 'ch2_cla_l1_20210418T095112792_20210418T095120792.fits'
 'ch2_cla_l1_20210418T095120792_20210418T095128792.fits'
 'ch2_cla_l1_20210418T095128792_20210418T095136792.fits'
 'ch2_cla_l1_20210418T095136792_20210418T095144792.fits'
 'ch2_cla_l1_20210418T095144792_20210418T095152792.fits'
 'ch2_cla_l1_20210418T095152792_20210418T095200792.fits'
 'ch2_cla_l1_20210418T095200792_20210418T095208792.fits'
 'ch2_cla_l1_20210418T095208792_20210418T095216792.fits'
 'ch2_cla_l1_20210418T095216792_20210418T095224792.fits'
 'ch2_cla_l1_20210418T095224792_20210418T095232792.fits'
 'ch2_cla_l1_20210418T095232792_20210418T095240792.fits'
 'ch2_cla_l1_20210418T095240792_20210418T095248792.fits'
 'ch2_cla_l1_20210418T095248792_20210418T095256792.fits'
 'ch2_cla_l1_20210418T095256792_20210418T095304792.fits'
 'ch2_cla_l1_20210418T095304792_20210418T095312792.fits'
 'ch2_cla_l1_20210418T095312792_20210418T095320792.fits'
 'ch2_cla_l1_20210418T095320792_20210418T095328792.fits'
 'ch2_cla_l1_20210418T095328792_20210418T095336792.fits'
 'ch2_cla_l1_20210418T095336792_20210418T095344792.fits'
 'ch2_cla_l1_20210418T095344792_20210418T095352792.fits'
 'ch2_cla_l1_20210418T095352792_20210418T095400792.fits'
 'ch2_cla_l1_20210418T095400792_20210418T095408792.fits'
 'ch2_cla_l1_20210418T095408792_20210418T095416792.fits'
 'ch2_cla_l1_20210418T095416792_20210418T095424792.fits'
 'ch2_cla_l1_20210418T095424792_20210418T095432792.fits'
 'ch2_cla_l1_20210418T095432792_20210418T095440792.fits'
 'ch2_cla_l1_20210418T095440792_20210418T095448792.fits'
 'ch2_cla_l1_20210418T095448792_20210418T095456792.fits'
 'ch2_cla_l1_20210418T095456792_20210418T095504792.fits'
 'ch2_cla_l1_20210418T095504792_20210418T095512792.fits'
 'ch2_cla_l1_20210418T095512792_20210418T095520792.fits'
 'ch2_cla_l1_20210418T095520792_20210418T095528792.fits'
 'ch2_cla_l1_20210418T095528792_20210418T095536792.fits'
 'ch2_cla_l1_20210418T095536792_20210418T095544792.fits'
 'ch2_cla_l1_20210418T095544792_20210418T095552792.fits'
 'ch2_cla_l1_20210418T095552792_20210418T095600792.fits'
 'ch2_cla_l1_20210418T095600792_20210418T095608792.fits'
 'ch2_cla_l1_20210418T095608792_20210418T095616792.fits'
 'ch2_cla_l1_20210418T095616792_20210418T095624792.fits'
 'ch2_cla_l1_20210418T095624792_20210418T095632792.fits'
 'ch2_cla_l1_20210418T095632792_20210418T095640792.fits'
 'ch2_cla_l1_20210418T095640792_20210418T095648792.fits'
 'ch2_cla_l1_20210418T095648792_20210418T095656792.fits'
 'ch2_cla_l1_20210418T095656792_20210418T095704792.fits'
 'ch2_cla_l1_20210418T095704792_20210418T095712792.fits'
 'ch2_cla_l1_20210418T095712792_20210418T095720792.fits'
 'ch2_cla_l1_20210418T095720792_20210418T095728792.fits'
 'ch2_cla_l1_20210418T095728792_20210418T095736792.fits'
 'ch2_cla_l1_20210418T095736792_20210418T095744792.fits'
 'ch2_cla_l1_20210418T095744792_20210418T095752792.fits'
 'ch2_cla_l1_20210418T095752792_20210418T095800792.fits'
 'ch2_cla_l1_20210418T095800792_20210418T095808792.fits'
 'ch2_cla_l1_20210418T095808792_20210418T095816792.fits'
 'ch2_cla_l1_20210418T095816792_20210418T095824792.fits'
 'ch2_cla_l1_20210418T095824792_20210418T095832792.fits'
 'ch2_cla_l1_20210418T095832792_20210418T095840792.fits'
 'ch2_cla_l1_20210418T095840792_20210418T095848792.fits'
 'ch2_cla_l1_20210418T095848792_20210418T095856792.fits'
 'ch2_cla_l1_20210418T095856792_20210418T095904792.fits'
 'ch2_cla_l1_20210418T095904792_20210418T095912792.fits'
 'ch2_cla_l1_20210418T095912792_20210418T095920792.fits'
 'ch2_cla_l1_20210418T095920792_20210418T095928792.fits'
 'ch2_cla_l1_20210418T095928792_20210418T095936792.fits'
 'ch2_cla_l1_20210418T095936792_20210418T095944792.fits'
 'ch2_cla_l1_20210418T095944792_20210418T095952792.fits'
 'ch2_cla_l1_20210418T095952792_20210418T100000792.fits'
 'ch2_cla_l1_20210418T100000792_20210418T100008792.fits'
 'ch2_cla_l1_20210418T100008792_20210418T100016792.fits'
 'ch2_cla_l1_20210418T100016792_20210418T100024792.fits'
 'ch2_cla_l1_20210418T100024792_20210418T100032792.fits'
 'ch2_cla_l1_20210418T100032792_20210418T100040792.fits'
 'ch2_cla_l1_20210418T100040792_20210418T100048792.fits'
 'ch2_cla_l1_20210418T100048792_20210418T100056792.fits'
 'ch2_cla_l1_20210418T100056792_20210418T100104792.fits'
 'ch2_cla_l1_20210418T100104792_20210418T100112792.fits'
 'ch2_cla_l1_20210418T100112792_20210418T100120792.fits'
 'ch2_cla_l1_20210418T100120792_20210418T100128792.fits'
 'ch2_cla_l1_20210418T100128792_20210418T100136792.fits'
 'ch2_cla_l1_20210418T100136792_20210418T100144792.fits'
 'ch2_cla_l1_20210418T100144792_20210418T100152792.fits'
 'ch2_cla_l1_20210418T100152792_20210418T100200792.fits'
 'ch2_cla_l1_20210418T100200792_20210418T100208792.fits'
 'ch2_cla_l1_20210418T100208792_20210418T100216792.fits'
 'ch2_cla_l1_20210418T100216792_20210418T100224792.fits'
 'ch2_cla_l1_20210418T100224792_20210418T100232792.fits'
 'ch2_cla_l1_20210418T100232792_20210418T100240792.fits'
 'ch2_cla_l1_20210418T100240792_20210418T100248792.fits'
 'ch2_cla_l1_20210418T100248792_20210418T100256792.fits'
 'ch2_cla_l1_20210418T100256792_20210418T100304792.fits'
 'ch2_cla_l1_20210418T100304792_20210418T100312792.fits'
 'ch2_cla_l1_20210418T100312792_20210418T100320792.fits'
 'ch2_cla_l1_20210418T100320792_20210418T100328792.fits'
 'ch2_cla_l1_20210418T100328792_20210418T100336792.fits'
 'ch2_cla_l1_20210418T100336792_20210418T100344792.fits'
 'ch2_cla_l1_20210418T100344792_20210418T100352792.fits'
 'ch2_cla_l1_20210418T100352792_20210418T100400792.fits'
 'ch2_cla_l1_20210418T100400792_20210418T100408792.fits'
 'ch2_cla_l1_20210418T100408792_20210418T100416792.fits'
 'ch2_cla_l1_20210418T100416792_20210418T100424792.fits'
 'ch2_cla_l1_20210418T100424792_20210418T100432792.fits'
 'ch2_cla_l1_20210418T100432792_20210418T100440792.fits'
 'ch2_cla_l1_20210418T100440792_20210418T100448792.fits'
 'ch2_cla_l1_20210418T100448792_20210418T100456792.fits'
 'ch2_cla_l1_20210418T100456792_20210418T100504792.fits'
 'ch2_cla_l1_20210418T100504792_20210418T100512792.fits'
 'ch2_cla_l1_20210418T100512792_20210418T100520792.fits'
 'ch2_cla_l1_20210418T100520792_20210418T100528792.fits'
 'ch2_cla_l1_20210418T100528792_20210418T100536792.fits'
 'ch2_cla_l1_20210418T100536792_20210418T100544792.fits'
 'ch2_cla_l1_20210418T100544792_20210418T100552792.fits'
 'ch2_cla_l1_20210418T100552792_20210418T100600792.fits'
 'ch2_cla_l1_20210418T100600792_20210418T100608792.fits'
 'ch2_cla_l1_20210418T100608792_20210418T100616792.fits'
 'ch2_cla_l1_20210418T100616792_20210418T100624792.fits'
 'ch2_cla_l1_20210418T100624792_20210418T100632792.fits'
 'ch2_cla_l1_20210418T100632792_20210418T100640792.fits'
 'ch2_cla_l1_20210418T100640792_20210418T100648792.fits'
 'ch2_cla_l1_20210418T100648792_20210418T100656792.fits'
 'ch2_cla_l1_20210418T100656792_20210418T100704792.fits'
 'ch2_cla_l1_20210418T100704792_20210418T100712792.fits'
 'ch2_cla_l1_20210418T100712792_20210418T100720792.fits'
 'ch2_cla_l1_20210418T100720792_20210418T100728792.fits'
 'ch2_cla_l1_20210418T100728792_20210418T100736792.fits'
 'ch2_cla_l1_20210418T100736792_20210418T100744792.fits'
 'ch2_cla_l1_20210418T100744792_20210418T100752792.fits'
 'ch2_cla_l1_20210418T100752792_20210418T100800792.fits'
 'ch2_cla_l1_20210418T100800792_20210418T100808792.fits'
 'ch2_cla_l1_20210418T100808792_20210418T100816792.fits'
 'ch2_cla_l1_20210418T100816792_20210418T100824792.fits'
 'ch2_cla_l1_20210418T100824792_20210418T100832792.fits'
 'ch2_cla_l1_20210418T100832792_20210418T100840792.fits'
 'ch2_cla_l1_20210418T100840792_20210418T100848792.fits'
 'ch2_cla_l1_20210418T100848792_20210418T100856792.fits'
 'ch2_cla_l1_20210418T100856792_20210418T100904792.fits'
 'ch2_cla_l1_20210418T100904792_20210418T100912792.fits'
 'ch2_cla_l1_20210418T100912792_20210418T100920792.fits'
 'ch2_cla_l1_20210418T100920792_20210418T100928792.fits'
 'ch2_cla_l1_20210418T100928792_20210418T100936792.fits'
 'ch2_cla_l1_20210418T100936792_20210418T100944792.fits'
 'ch2_cla_l1_20210418T100944792_20210418T100952792.fits'
 'ch2_cla_l1_20210418T100952792_20210418T101000792.fits'
 'ch2_cla_l1_20210418T101000792_20210418T101008792.fits'
 'ch2_cla_l1_20210418T101008792_20210418T101016792.fits'
 'ch2_cla_l1_20210418T101016792_20210418T101024792.fits'
 'ch2_cla_l1_20210418T101024792_20210418T101032792.fits'
 'ch2_cla_l1_20210418T101032792_20210418T101040792.fits'
 'ch2_cla_l1_20210418T101040792_20210418T101048792.fits'
 'ch2_cla_l1_20210418T101048792_20210418T101056792.fits'
 'ch2_cla_l1_20210418T101056792_20210418T101104792.fits'
 'ch2_cla_l1_20210418T101104792_20210418T101112792.fits'
 'ch2_cla_l1_20210418T101112792_20210418T101120792.fits'
 'ch2_cla_l1_20210418T101120792_20210418T101128792.fits'
 'ch2_cla_l1_20210418T101128792_20210418T101136792.fits'
 'ch2_cla_l1_20210418T101136792_20210418T101144792.fits'
 'ch2_cla_l1_20210418T101144792_20210418T101152792.fits'
 'ch2_cla_l1_20210418T101152792_20210418T101200792.fits'
 'ch2_cla_l1_20210418T101200792_20210418T101208792.fits'
 'ch2_cla_l1_20210418T101208792_20210418T101216792.fits'
 'ch2_cla_l1_20210418T101216792_20210418T101224792.fits'
 'ch2_cla_l1_20210418T101224792_20210418T101232792.fits'
 'ch2_cla_l1_20210418T101232792_20210418T101240792.fits'
 'ch2_cla_l1_20210418T101240792_20210418T101248792.fits'
 'ch2_cla_l1_20210418T101248792_20210418T101256792.fits'
 'ch2_cla_l1_20210418T101256792_20210418T101304792.fits'
 'ch2_cla_l1_20210418T101304792_20210418T101312792.fits'
 'ch2_cla_l1_20210418T101312792_20210418T101320792.fits'
 'ch2_cla_l1_20210418T101320792_20210418T101328792.fits'
 'ch2_cla_l1_20210418T101328792_20210418T101336792.fits'
 'ch2_cla_l1_20210418T101336792_20210418T101344792.fits'
 'ch2_cla_l1_20210418T101344792_20210418T101352792.fits'
 'ch2_cla_l1_20210418T101352792_20210418T101400792.fits'
 'ch2_cla_l1_20210418T101400792_20210418T101408792.fits'
 'ch2_cla_l1_20210418T101408792_20210418T101416792.fits'
 'ch2_cla_l1_20210418T101416792_20210418T101424792.fits'
 'ch2_cla_l1_20210418T101424792_20210418T101432792.fits'
 'ch2_cla_l1_20210418T101432792_20210418T101440792.fits'
 'ch2_cla_l1_20210418T101440792_20210418T101448792.fits'
 'ch2_cla_l1_20210418T101448792_20210418T101456792.fits'
 'ch2_cla_l1_20210418T101456792_20210418T101504792.fits'
 'ch2_cla_l1_20210418T101504792_20210418T101512792.fits'
 'ch2_cla_l1_20210418T101512792_20210418T101520792.fits'
 'ch2_cla_l1_20210418T101520792_20210418T101528792.fits'
 'ch2_cla_l1_20210418T101528792_20210418T101536792.fits'
 'ch2_cla_l1_20210418T101536792_20210418T101544792.fits'
 'ch2_cla_l1_20210418T101544792_20210418T101552792.fits'
 'ch2_cla_l1_20210418T101552792_20210418T101600792.fits'
 'ch2_cla_l1_20210418T101600792_20210418T101608792.fits'
 'ch2_cla_l1_20210418T101608792_20210418T101616792.fits'
 'ch2_cla_l1_20210418T101616792_20210418T101624792.fits'
 'ch2_cla_l1_20210418T101624792_20210418T101632792.fits'
 'ch2_cla_l1_20210418T101632792_20210418T101640792.fits'
 'ch2_cla_l1_20210418T101640792_20210418T101648792.fits'
 'ch2_cla_l1_20210418T101648792_20210418T101656792.fits'
 'ch2_cla_l1_20210418T101656792_20210418T101704792.fits'
 'ch2_cla_l1_20210418T101704792_20210418T101712792.fits'
 'ch2_cla_l1_20210418T101712792_20210418T101720792.fits'
 'ch2_cla_l1_20210418T101720792_20210418T101728792.fits'
 'ch2_cla_l1_20210418T101728792_20210418T101736792.fits'
 'ch2_cla_l1_20210418T101736792_20210418T101744792.fits'
 'ch2_cla_l1_20210418T101744792_20210418T101752792.fits'
 'ch2_cla_l1_20210418T101752792_20210418T101800792.fits'
 'ch2_cla_l1_20210418T101800792_20210418T101808792.fits'
 'ch2_cla_l1_20210418T101808792_20210418T101816792.fits'
 'ch2_cla_l1_20210418T101816792_20210418T101824792.fits'
 'ch2_cla_l1_20210418T101824792_20210418T101832792.fits'
 'ch2_cla_l1_20210418T101832792_20210418T101840792.fits'
 'ch2_cla_l1_20210418T101840792_20210418T101848792.fits'
 'ch2_cla_l1_20210418T101848792_20210418T101856792.fits'
 'ch2_cla_l1_20210418T101856792_20210418T101904792.fits'
 'ch2_cla_l1_20210418T101904792_20210418T101912792.fits'
 'ch2_cla_l1_20210418T101912792_20210418T101920792.fits'
 'ch2_cla_l1_20210418T101920792_20210418T101928792.fits'
 'ch2_cla_l1_20210418T101928792_20210418T101936792.fits'
 'ch2_cla_l1_20210418T101936792_20210418T101944792.fits'
 'ch2_cla_l1_20210418T101944792_20210418T101952792.fits'
 'ch2_cla_l1_20210418T101952792_20210418T102000792.fits'
 'ch2_cla_l1_20210418T102000792_20210418T102008792.fits'
 'ch2_cla_l1_20210418T102008792_20210418T102016792.fits'
 'ch2_cla_l1_20210418T102016792_20210418T102024792.fits'
 'ch2_cla_l1_20210418T102024792_20210418T102032792.fits'
 'ch2_cla_l1_20210418T102032792_20210418T102040792.fits'
 'ch2_cla_l1_20210418T102040792_20210418T102048792.fits'
 'ch2_cla_l1_20210418T102048792_20210418T102056792.fits'
 'ch2_cla_l1_20210418T102056792_20210418T102104792.fits'
 'ch2_cla_l1_20210418T102104792_20210418T102112792.fits'
 'ch2_cla_l1_20210418T102112792_20210418T102120792.fits'
 'ch2_cla_l1_20210418T102120792_20210418T102128792.fits'
 'ch2_cla_l1_20210418T102128792_20210418T102136792.fits'
 'ch2_cla_l1_20210418T102136792_20210418T102144792.fits'
 'ch2_cla_l1_20210418T102144792_20210418T102152792.fits'
 'ch2_cla_l1_20210418T102152792_20210418T102200792.fits'
 'ch2_cla_l1_20210418T102200792_20210418T102208792.fits'
 'ch2_cla_l1_20210418T102208792_20210418T102216792.fits'
 'ch2_cla_l1_20210418T102216792_20210418T102224792.fits'
 'ch2_cla_l1_20210418T102224792_20210418T102232792.fits'
 'ch2_cla_l1_20210418T102232792_20210418T102240792.fits'
 'ch2_cla_l1_20210418T102240792_20210418T102248792.fits'
 'ch2_cla_l1_20210418T102248792_20210418T102256792.fits'
 'ch2_cla_l1_20210418T102256792_20210418T102304792.fits'
 'ch2_cla_l1_20210418T102304792_20210418T102312792.fits'
 'ch2_cla_l1_20210418T102312792_20210418T102320792.fits']","['ch2_cla_l1_20210418T084141370_20210418T084145691.fits'
 'ch2_cla_l1_20210418T090800792_20210418T090808792.fits'
 'ch2_cla_l1_20210418T090808792_20210418T090816792.fits'
 'ch2_cla_l1_20210418T090816792_20210418T090824792.fits'
 'ch2_cla_l1_20210418T090824792_20210418T090832792.fits'
 'ch2_cla_l1_20210418T090832792_20210418T090840792.fits'
 'ch2_cla_l1_20210418T090840792_20210418T090848792.fits'
 'ch2_cla_l1_20210418T090848792_20210418T090856792.fits'
 'ch2_cla_l1_20210418T090856792_20210418T090904792.fits'
 'ch2_cla_l1_20210418T090904792_20210418T090912792.fits'
 'ch2_cla_l1_20210418T090912792_20210418T090920792.fits'
 'ch2_cla_l1_20210418T090920792_20210418T090928792.fits'
 'ch2_cla_l1_20210418T090928792_20210418T090936792.fits'
 'ch2_cla_l1_20210418T090936792_20210418T090944792.fits'
 'ch2_cla_l1_20210418T090944792_20210418T090952792.fits'
 'ch2_cla_l1_20210418T090952792_20210418T091000792.fits'
 'ch2_cla_l1_20210418T091000792_20210418T091008792.fits'
 'ch2_cla_l1_20210418T091008792_20210418T091016792.fits'
 'ch2_cla_l1_20210418T091016792_20210418T091024792.fits'
 'ch2_cla_l1_20210418T091024792_20210418T091032792.fits'
 'ch2_cla_l1_20210418T091032792_20210418T091040792.fits'
 'ch2_cla_l1_20210418T091040792_20210418T091048792.fits'
 'ch2_cla_l1_20210418T091048792_20210418T091056792.fits'
 'ch2_cla_l1_20210418T091056792_20210418T091104792.fits'
 'ch2_cla_l1_20210418T091104792_20210418T091112792.fits'
 'ch2_cla_l1_20210418T091112792_20210418T091120792.fits'
 'ch2_cla_l1_20210418T091120792_20210418T091128792.fits'
 'ch2_cla_l1_20210418T091128792_20210418T091136792.fits'
 'ch2_cla_l1_20210418T091136792_20210418T091144792.fits'
 'ch2_cla_l1_20210418T091144792_20210418T091152792.fits'
 'ch2_cla_l1_20210418T091152792_20210418T091200792.fits'
 'ch2_cla_l1_20210418T091200792_20210418T091208792.fits'
 'ch2_cla_l1_20210418T091208792_20210418T091216792.fits'
 'ch2_cla_l1_20210418T091216792_20210418T091224792.fits'
 'ch2_cla_l1_20210418T091224792_20210418T091232792.fits'
 'ch2_cla_l1_20210418T091232792_20210418T091240792.fits'
 'ch2_cla_l1_20210418T091240792_20210418T091248792.fits'
 'ch2_cla_l1_20210418T091248792_20210418T091256792.fits'
 'ch2_cla_l1_20210418T091256792_20210418T091304792.fits'
 'ch2_cla_l1_20210418T091304792_20210418T091312792.fits'
 'ch2_cla_l1_20210418T091312792_20210418T091320792.fits'
 'ch2_cla_l1_20210418T091320792_20210418T091328792.fits'
 'ch2_cla_l1_20210418T091328792_20210418T091336792.fits'
 'ch2_cla_l1_20210418T091336792_20210418T091344792.fits'
 'ch2_cla_l1_20210418T091344792_20210418T091352792.fits'
 'ch2_cla_l1_20210418T091352792_20210418T091400792.fits'
 'ch2_cla_l1_20210418T091400792_20210418T091408792.fits'
 'ch2_cla_l1_20210418T091408792_20210418T091416792.fits'
 'ch2_cla_l1_20210418T091416792_20210418T091424792.fits'
 'ch2_cla_l1_20210418T091424792_20210418T091432792.fits'
 'ch2_cla_l1_20210418T091432792_20210418T091440792.fits'
 'ch2_cla_l1_20210418T091440792_20210418T091448792.fits'
 'ch2_cla_l1_20210418T091448792_20210418T091456792.fits'
 'ch2_cla_l1_20210418T091456792_20210418T091504792.fits'
 'ch2_cla_l1_20210418T091504792_20210418T091512792.fits'
 'ch2_cla_l1_20210418T091512792_20210418T091520792.fits'
 'ch2_cla_l1_20210418T091520792_20210418T091528792.fits'
 'ch2_cla_l1_20210418T091528792_20210418T091536792.fits'
 'ch2_cla_l1_20210418T091536792_20210418T091544792.fits'
 'ch2_cla_l1_20210418T091544792_20210418T091552792.fits'
 'ch2_cla_l1_20210418T091552792_20210418T091600792.fits'
 'ch2_cla_l1_20210418T091600792_20210418T091608792.fits'
 'ch2_cla_l1_20210418T091608792_20210418T091616792.fits'
 'ch2_cla_l1_20210418T091616792_20210418T091624792.fits'
 'ch2_cla_l1_20210418T091624792_20210418T091632792.fits'
 'ch2_cla_l1_20210418T091632792_20210418T091640792.fits'
 'ch2_cla_l1_20210418T091640792_20210418T091648792.fits'
 'ch2_cla_l1_20210418T091648792_20210418T091656792.fits'
 'ch2_cla_l1_20210418T091656792_20210418T091704792.fits'
 'ch2_cla_l1_20210418T091704792_20210418T091712792.fits'
 'ch2_cla_l1_20210418T091712792_20210418T091720792.fits'
 'ch2_cla_l1_20210418T091720792_20210418T091728792.fits'
 'ch2_cla_l1_20210418T091728792_20210418T091736792.fits'
 'ch2_cla_l1_20210418T091736792_20210418T091744792.fits'
 'ch2_cla_l1_20210418T091744792_20210418T091752792.fits'
 'ch2_cla_l1_20210418T091752792_20210418T091800792.fits'
 'ch2_cla_l1_20210418T091800792_20210418T091808792.fits'
 'ch2_cla_l1_20210418T091808792_20210418T091816792.fits'
 'ch2_cla_l1_20210418T091816792_20210418T091824792.fits'
 'ch2_cla_l1_20210418T091824792_20210418T091832792.fits'
 'ch2_cla_l1_20210418T091832792_20210418T091840792.fits'
 'ch2_cla_l1_20210418T091840792_20210418T091848792.fits'
 'ch2_cla_l1_20210418T091848792_20210418T091856792.fits'
 'ch2_cla_l1_20210418T091856792_20210418T091904792.fits'
 'ch2_cla_l1_20210418T091904792_20210418T091912792.fits'
 'ch2_cla_l1_20210418T091912792_20210418T091920792.fits'
 'ch2_cla_l1_20210418T091920792_20210418T091928792.fits'
 'ch2_cla_l1_20210418T091928792_20210418T091936792.fits'
 'ch2_cla_l1_20210418T091936792_20210418T091944792.fits'
 'ch2_cla_l1_20210418T091944792_20210418T091952792.fits'
 'ch2_cla_l1_20210418T091952792_20210418T092000792.fits'
 'ch2_cla_l1_20210418T092000792_20210418T092008792.fits'
 'ch2_cla_l1_20210418T092008792_20210418T092016792.fits'
 'ch2_cla_l1_20210418T092016792_20210418T092024792.fits'
 'ch2_cla_l1_20210418T092024792_20210418T092032792.fits'
 'ch2_cla_l1_20210418T092032792_20210418T092040792.fits'
 'ch2_cla_l1_20210418T092040792_20210418T092048792.fits'
 'ch2_cla_l1_20210418T092048792_20210418T092056792.fits'
 'ch2_cla_l1_20210418T092056792_20210418T092104792.fits'
 'ch2_cla_l1_20210418T092104792_20210418T092112792.fits'
 'ch2_cla_l1_20210418T092112792_20210418T092120792.fits'
 'ch2_cla_l1_20210418T092120792_20210418T092128792.fits'
 'ch2_cla_l1_20210418T092128792_20210418T092136792.fits'
 'ch2_cla_l1_20210418T092136792_20210418T092144792.fits'
 'ch2_cla_l1_20210418T092144792_20210418T092152792.fits'
 'ch2_cla_l1_20210418T092152792_20210418T092200792.fits'
 'ch2_cla_l1_20210418T092200792_20210418T092208792.fits'
 'ch2_cla_l1_20210418T092208792_20210418T092216792.fits'
 'ch2_cla_l1_20210418T092216792_20210418T092224792.fits'
 'ch2_cla_l1_20210418T092224792_20210418T092232792.fits'
 'ch2_cla_l1_20210418T092232792_20210418T092240792.fits'
 'ch2_cla_l1_20210418T092240792_20210418T092248792.fits'
 'ch2_cla_l1_20210418T092248792_20210418T092256792.fits'
 'ch2_cla_l1_20210418T092256792_20210418T092304792.fits'
 'ch2_cla_l1_20210418T102400792_20210418T102408792.fits'
 'ch2_cla_l1_20210418T102408792_20210418T102416792.fits'
 'ch2_cla_l1_20210418T102416792_20210418T102424792.fits'
 'ch2_cla_l1_20210418T102424792_20210418T102432792.fits'
 'ch2_cla_l1_20210418T102432792_20210418T102440792.fits'
 'ch2_cla_l1_20210418T102440792_20210418T102448792.fits'
 'ch2_cla_l1_20210418T102448792_20210418T102456792.fits'
 'ch2_cla_l1_20210418T102456792_20210418T102504792.fits'
 'ch2_cla_l1_20210418T102504792_20210418T102512792.fits'
 'ch2_cla_l1_20210418T102512792_20210418T102520792.fits'
 'ch2_cla_l1_20210418T102520792_20210418T102528792.fits'
 'ch2_cla_l1_20210418T102528792_20210418T102536792.fits'
 'ch2_cla_l1_20210418T102536792_20210418T102544792.fits'
 'ch2_cla_l1_20210418T102544792_20210418T102552792.fits'
 'ch2_cla_l1_20210418T102552792_20210418T102600792.fits'
 'ch2_cla_l1_20210418T102600792_20210418T102608792.fits'
 'ch2_cla_l1_20210418T102608792_20210418T102616792.fits'
 'ch2_cla_l1_20210418T102616792_20210418T102624792.fits'
 'ch2_cla_l1_20210418T102624792_20210418T102632792.fits'
 'ch2_cla_l1_20210418T102632792_20210418T102640792.fits'
 'ch2_cla_l1_20210418T102640792_20210418T102648792.fits'
 'ch2_cla_l1_20210418T102648792_20210418T102656792.fits'
 'ch2_cla_l1_20210418T102656792_20210418T102704792.fits'
 'ch2_cla_l1_20210418T102704792_20210418T102712792.fits'
 'ch2_cla_l1_20210418T102712792_20210418T102720792.fits'
 'ch2_cla_l1_20210418T102720792_20210418T102728792.fits'
 'ch2_cla_l1_20210418T102728792_20210418T102736792.fits'
 'ch2_cla_l1_20210418T102736792_20210418T102744792.fits'
 'ch2_cla_l1_20210418T102744792_20210418T102752792.fits'
 'ch2_cla_l1_20210418T102752792_20210418T102800792.fits'
 'ch2_cla_l1_20210418T102800792_20210418T102808792.fits'
 'ch2_cla_l1_20210418T102808792_20210418T102816792.fits'
 'ch2_cla_l1_20210418T102816792_20210418T102824792.fits'
 'ch2_cla_l1_20210418T102824792_20210418T102832792.fits'
 'ch2_cla_l1_20210418T102832792_20210418T102840792.fits'
 'ch2_cla_l1_20210418T102840792_20210418T102848792.fits'
 'ch2_cla_l1_20210418T102848792_20210418T102856792.fits'
 'ch2_cla_l1_20210418T102856792_20210418T102904792.fits'
 'ch2_cla_l1_20210418T102904792_20210418T102912792.fits'
 'ch2_cla_l1_20210418T102912792_20210418T102920792.fits'
 'ch2_cla_l1_20210418T102920792_20210418T102928792.fits'
 'ch2_cla_l1_20210418T102928792_20210418T102936792.fits'
 'ch2_cla_l1_20210418T102936792_20210418T102944792.fits'
 'ch2_cla_l1_20210418T102944792_20210418T102952792.fits'
 'ch2_cla_l1_20210418T102952792_20210418T103000792.fits'
 'ch2_cla_l1_20210418T103000792_20210418T103008792.fits'
 'ch2_cla_l1_20210418T103008792_20210418T103016792.fits'
 'ch2_cla_l1_20210418T103016792_20210418T103024792.fits'
 'ch2_cla_l1_20210418T103024792_20210418T103032792.fits'
 'ch2_cla_l1_20210418T103032792_20210418T103040792.fits'
 'ch2_cla_l1_20210418T103040792_20210418T103048792.fits'
 'ch2_cla_l1_20210418T103048792_20210418T103056792.fits'
 'ch2_cla_l1_20210418T103056792_20210418T103104792.fits'
 'ch2_cla_l1_20210418T103104792_20210418T103112792.fits'
 'ch2_cla_l1_20210418T103112792_20210418T103120792.fits'
 'ch2_cla_l1_20210418T103120792_20210418T103128792.fits'
 'ch2_cla_l1_20210418T103128792_20210418T103136792.fits'
 'ch2_cla_l1_20210418T103136792_20210418T103144792.fits'
 'ch2_cla_l1_20210418T103144792_20210418T103152792.fits'
 'ch2_cla_l1_20210418T103152792_20210418T103200792.fits'
 'ch2_cla_l1_20210418T103200792_20210418T103208792.fits'
 'ch2_cla_l1_20210418T103208792_20210418T103216792.fits'
 'ch2_cla_l1_20210418T103216792_20210418T103224792.fits'
 'ch2_cla_l1_20210418T103224792_20210418T103232792.fits'
 'ch2_cla_l1_20210418T103232792_20210418T103240792.fits'
 'ch2_cla_l1_20210418T103240792_20210418T103248792.fits'
 'ch2_cla_l1_20210418T103248792_20210418T103256792.fits'
 'ch2_cla_l1_20210418T103256792_20210418T103304792.fits'
 'ch2_cla_l1_20210418T103304792_20210418T103312792.fits'
 'ch2_cla_l1_20210418T103312792_20210418T103320792.fits'
 'ch2_cla_l1_20210418T103320792_20210418T103328792.fits'
 'ch2_cla_l1_20210418T103328792_20210418T103336792.fits'
 'ch2_cla_l1_20210418T103336792_20210418T103344792.fits'
 'ch2_cla_l1_20210418T103344792_20210418T103352792.fits'
 'ch2_cla_l1_20210418T103352792_20210418T103400792.fits'
 'ch2_cla_l1_20210418T103400792_20210418T103408792.fits'
 'ch2_cla_l1_20210418T103408792_20210418T103416792.fits'
 'ch2_cla_l1_20210418T103416792_20210418T103424792.fits'
 'ch2_cla_l1_20210418T103424792_20210418T103432792.fits'
 'ch2_cla_l1_20210418T103432792_20210418T103440792.fits'
 'ch2_cla_l1_20210418T103440792_20210418T103448792.fits'
 'ch2_cla_l1_20210418T103448792_20210418T103456792.fits'
 'ch2_cla_l1_20210418T103456792_20210418T103504792.fits'
 'ch2_cla_l1_20210418T103504792_20210418T103512792.fits'
 'ch2_cla_l1_20210418T103512792_20210418T103520792.fits'
 'ch2_cla_l1_20210418T103520792_20210418T103528792.fits'
 'ch2_cla_l1_20210418T103528792_20210418T103536792.fits'
 'ch2_cla_l1_20210418T103536792_20210418T103544792.fits'
 'ch2_cla_l1_20210418T103544792_20210418T103552792.fits'
 'ch2_cla_l1_20210418T103552792_20210418T103600792.fits'
 'ch2_cla_l1_20210418T103600792_20210418T103608792.fits'
 'ch2_cla_l1_20210418T103608792_20210418T103616792.fits'
 'ch2_cla_l1_20210418T103616792_20210418T103624792.fits'
 'ch2_cla_l1_20210418T103624792_20210418T103632792.fits'
 'ch2_cla_l1_20210418T103632792_20210418T103640792.fits'
 'ch2_cla_l1_20210418T103640792_20210418T103648792.fits'
 'ch2_cla_l1_20210418T103648792_20210418T103656792.fits'
 'ch2_cla_l1_20210418T103656792_20210418T103704792.fits'
 'ch2_cla_l1_20210418T103704792_20210418T103712792.fits'
 'ch2_cla_l1_20210418T103712792_20210418T103720792.fits'
 'ch2_cla_l1_20210418T103720792_20210418T103728792.fits'
 'ch2_cla_l1_20210418T103728792_20210418T103736792.fits'
 'ch2_cla_l1_20210418T103736792_20210418T103744792.fits'
 'ch2_cla_l1_20210418T103744792_20210418T103752792.fits'
 'ch2_cla_l1_20210418T103752792_20210418T103800792.fits'
 'ch2_cla_l1_20210418T103800792_20210418T103808792.fits'
 'ch2_cla_l1_20210418T103808792_20210418T103816792.fits'
 'ch2_cla_l1_20210418T103816792_20210418T103824792.fits'
 'ch2_cla_l1_20210418T103824792_20210418T103832792.fits'
 'ch2_cla_l1_20210418T103832792_20210418T103840792.fits'
 'ch2_cla_l1_20210418T103840792_20210418T103848792.fits'
 'ch2_cla_l1_20210418T103848792_20210418T103856792.fits'
 'ch2_cla_l1_20210418T103856792_20210418T103904792.fits'
 'ch2_cla_l1_20210418T103904792_20210418T103912792.fits'
 'ch2_cla_l1_20210418T103912792_20210418T103920792.fits']"
"['ch2_cla_l1_20210418T112126404_20210418T112134404.fits'
 'ch2_cla_l1_20210418T112134404_20210418T112142404.fits'
 'ch2_cla_l1_20210418T112142404_20210418T112150404.fits'
 'ch2_cla_l1_20210418T112150404_20210418T112158404.fits'
 'ch2_cla_l1_20210418T112158404_20210418T112206404.fits'
 'ch2_cla_l1_20210418T112206404_20210418T112214404.fits'
 'ch2_cla_l1_20210418T112214404_20210418T112222404.fits'
 'ch2_cla_l1_20210418T112222404_20210418T112230404.fits'
 'ch2_cla_l1_20210418T112230404_20210418T112238404.fits'
 'ch2_cla_l1_20210418T112238404_20210418T112246404.fits'
 'ch2_cla_l1_20210418T112246404_20210418T112254404.fits'
 'ch2_cla_l1_20210418T112254404_20210418T112302404.fits'
 'ch2_cla_l1_20210418T112302404_20210418T112310404.fits'
 'ch2_cla_l1_20210418T112310404_20210418T112318404.fits'
 'ch2_cla_l1_20210418T112318404_20210418T112326404.fits'
 'ch2_cla_l1_20210418T112326404_20210418T112334404.fits'
 'ch2_cla_l1_20210418T112334404_20210418T112342404.fits'
 'ch2_cla_l1_20210418T112342404_20210418T112350404.fits'
 'ch2_cla_l1_20210418T112350404_20210418T112358404.fits'
 'ch2_cla_l1_20210418T112358404_20210418T112406404.fits'
 'ch2_cla_l1_20210418T112406404_20210418T112414404.fits'
 'ch2_cla_l1_20210418T112414404_20210418T112422404.fits'
 'ch2_cla_l1_20210418T112422404_20210418T112430404.fits'
 'ch2_cla_l1_20210418T112430404_20210418T112438404.fits'
 'ch2_cla_l1_20210418T112438404_20210418T112446404.fits'
 'ch2_cla_l1_20210418T112446404_20210418T112454404.fits'
 'ch2_cla_l1_20210418T112454404_20210418T112502404.fits'
 'ch2_cla_l1_20210418T112502404_20210418T112510404.fits'
 'ch2_cla_l1_20210418T112510404_20210418T112518404.fits'
 'ch2_cla_l1_20210418T112518404_20210418T112526404.fits'
 'ch2_cla_l1_20210418T112526404_20210418T112534404.fits'
 'ch2_cla_l1_20210418T112534404_20210418T112542404.fits'
 'ch2_cla_l1_20210418T112542404_20210418T112550404.fits'
 'ch2_cla_l1_20210418T112550404_20210418T112558404.fits'
 'ch2_cla_l1_20210418T112558404_20210418T112606404.fits'
 'ch2_cla_l1_20210418T112606404_20210418T112614404.fits'
 'ch2_cla_l1_20210418T112614404_20210418T112622404.fits'
 'ch2_cla_l1_20210418T112622404_20210418T112630404.fits'
 'ch2_cla_l1_20210418T112630404_20210418T112638404.fits'
 'ch2_cla_l1_20210418T112638404_20210418T112646404.fits'
 'ch2_cla_l1_20210418T112646404_20210418T112654404.fits'
 'ch2_cla_l1_20210418T112654404_20210418T112702404.fits'
 'ch2_cla_l1_20210418T112702404_20210418T112710404.fits'
 'ch2_cla_l1_20210418T112710404_20210418T112718404.fits'
 'ch2_cla_l1_20210418T112718404_20210418T112726404.fits'
 'ch2_cla_l1_20210418T112726404_20210418T112734404.fits'
 'ch2_cla_l1_20210418T112734404_20210418T112742404.fits'
 'ch2_cla_l1_20210418T112742404_20210418T112750404.fits'
 'ch2_cla_l1_20210418T112750404_20210418T112758404.fits'
 'ch2_cla_l1_20210418T112758404_20210418T112806404.fits'
 'ch2_cla_l1_20210418T112806404_20210418T112814404.fits'
 'ch2_cla_l1_20210418T112814404_20210418T112822404.fits'
 'ch2_cla_l1_20210418T112822404_20210418T112830404.fits'
 'ch2_cla_l1_20210418T112830404_20210418T112838404.fits'
 'ch2_cla_l1_20210418T112838404_20210418T112846404.fits'
 'ch2_cla_l1_20210418T112846404_20210418T112854404.fits'
 'ch2_cla_l1_20210418T112854404_20210418T112902404.fits'
 'ch2_cla_l1_20210418T112902404_20210418T112910404.fits'
 'ch2_cla_l1_20210418T112910404_20210418T112918404.fits'
 'ch2_cla_l1_20210418T112918404_20210418T112926404.fits'
 'ch2_cla_l1_20210418T112926404_20210418T112934404.fits'
 'ch2_cla_l1_20210418T112934404_20210418T112942404.fits'
 'ch2_cla_l1_20210418T112942404_20210418T112950404.fits'
 'ch2_cla_l1_20210418T112950404_20210418T112958404.fits'
 'ch2_cla_l1_20210418T112958404_20210418T113006404.fits'
 'ch2_cla_l1_20210418T113006404_20210418T113014404.fits'
 'ch2_cla_l1_20210418T113014404_20210418T113022404.fits'
 'ch2_cla_l1_20210418T113022404_20210418T113030404.fits'
 'ch2_cla_l1_20210418T113030404_20210418T113038404.fits'
 'ch2_cla_l1_20210418T113038404_20210418T113046404.fits'
 'ch2_cla_l1_20210418T113046404_20210418T113054404.fits'
 'ch2_cla_l1_20210418T113054404_20210418T113102404.fits'
 'ch2_cla_l1_20210418T113102404_20210418T113110404.fits'
 'ch2_cla_l1_20210418T113110404_20210418T113118404.fits'
 'ch2_cla_l1_20210418T113118404_20210418T113126404.fits'
 'ch2_cla_l1_20210418T113126404_20210418T113134404.fits'
 'ch2_cla_l1_20210418T113134404_20210418T113142404.fits'
 'ch2_cla_l1_20210418T113142404_20210418T113150404.fits'
 'ch2_cla_l1_20210418T113150404_20210418T113158404.fits'
 'ch2_cla_l1_20210418T113158404_20210418T113206404.fits'
 'ch2_cla_l1_20210418T113206404_20210418T113214404.fits'
 'ch2_cla_l1_20210418T113214404_20210418T113222404.fits'
 'ch2_cla_l1_20210418T113222404_20210418T113230404.fits'
 'ch2_cla_l1_20210418T113230404_20210418T113238404.fits'
 'ch2_cla_l1_20210418T113238404_20210418T113246404.fits'
 'ch2_cla_l1_20210418T113246404_20210418T113254404.fits'
 'ch2_cla_l1_20210418T113254404_20210418T113302404.fits'
 'ch2_cla_l1_20210418T113302404_20210418T113310404.fits'
 'ch2_cla_l1_20210418T113310404_20210418T113318404.fits'
 'ch2_cla_l1_20210418T113318404_20210418T113326404.fits'
 'ch2_cla_l1_20210418T113326404_20210418T113334404.fits'
 'ch2_cla_l1_20210418T113334404_20210418T113342404.fits'
 'ch2_cla_l1_20210418T113342404_20210418T113350404.fits'
 'ch2_cla_l1_20210418T113350404_20210418T113358404.fits'
 'ch2_cla_l1_20210418T113358404_20210418T113406404.fits'
 'ch2_cla_l1_20210418T113406404_20210418T113414404.fits'
 'ch2_cla_l1_20210418T113414404_20210418T113422404.fits'
 'ch2_cla_l1_20210418T113422404_20210418T113430404.fits'
 'ch2_cla_l1_20210418T113430404_20210418T113438404.fits'
 'ch2_cla_l1_20210418T113438404_20210418T113446404.fits'
 'ch2_cla_l1_20210418T113446404_20210418T113454404.fits'
 'ch2_cla_l1_20210418T113454404_20210418T113502404.fits'
 'ch2_cla_l1_20210418T113502404_20210418T113510404.fits'
 'ch2_cla_l1_20210418T113510404_20210418T113518404.fits'
 'ch2_cla_l1_20210418T113518404_20210418T113526404.fits'
 'ch2_cla_l1_20210418T113526404_20210418T113534404.fits'
 'ch2_cla_l1_20210418T113534404_20210418T113542404.fits'
 'ch2_cla_l1_20210418T113542404_20210418T113550404.fits'
 'ch2_cla_l1_20210418T113550404_20210418T113558404.fits'
 'ch2_cla_l1_20210418T113558404_20210418T113606404.fits'
 'ch2_cla_l1_20210418T113606404_20210418T113614404.fits'
 'ch2_cla_l1_20210418T113614404_20210418T113622404.fits'
 'ch2_cla_l1_20210418T113622404_20210418T113630404.fits'
 'ch2_cla_l1_20210418T113630404_20210418T113638404.fits'
 'ch2_cla_l1_20210418T113638404_20210418T113646404.fits'
 'ch2_cla_l1_20210418T113646404_20210418T113654404.fits'
 'ch2_cla_l1_20210418T113654404_20210418T113702404.fits'
 'ch2_cla_l1_20210418T113702404_20210418T113710404.fits'
 'ch2_cla_l1_20210418T113710404_20210418T113718404.fits'
 'ch2_cla_l1_20210418T113718404_20210418T113726404.fits'
 'ch2_cla_l1_20210418T113726404_20210418T113734404.fits'
 'ch2_cla_l1_20210418T113734404_20210418T113742404.fits'
 'ch2_cla_l1_20210418T113742404_20210418T113750404.fits'
 'ch2_cla_l1_20210418T113750404_20210418T113758404.fits'
 'ch2_cla_l1_20210418T113758404_20210418T113806404.fits'
 'ch2_cla_l1_20210418T113806404_20210418T113814404.fits'
 'ch2_cla_l1_20210418T113814404_20210418T113822404.fits'
 'ch2_cla_l1_20210418T113822404_20210418T113830404.fits'
 'ch2_cla_l1_20210418T113830404_20210418T113838404.fits'
 'ch2_cla_l1_20210418T113838404_20210418T113846404.fits'
 'ch2_cla_l1_20210418T113846404_20210418T113854404.fits'
 'ch2_cla_l1_20210418T113854404_20210418T113902404.fits'
 'ch2_cla_l1_20210418T113902404_20210418T113910404.fits'
 'ch2_cla_l1_20210418T113910404_20210418T113918404.fits'
 'ch2_cla_l1_20210418T113918404_20210418T113926404.fits'
 'ch2_cla_l1_20210418T113926404_20210418T113934404.fits'
 'ch2_cla_l1_20210418T113934404_20210418T113942404.fits'
 'ch2_cla_l1_20210418T113942404_20210418T113950404.fits'
 'ch2_cla_l1_20210418T113950404_20210418T113958404.fits'
 'ch2_cla_l1_20210418T113958404_20210418T114006404.fits'
 'ch2_cla_l1_20210418T114006404_20210418T114014404.fits'
 'ch2_cla_l1_20210418T114014404_20210418T114022404.fits'
 'ch2_cla_l1_20210418T114022404_20210418T114030404.fits'
 'ch2_cla_l1_20210418T114030404_20210418T114038404.fits'
 'ch2_cla_l1_20210418T114038404_20210418T114046404.fits'
 'ch2_cla_l1_20210418T114046404_20210418T114054404.fits'
 'ch2_cla_l1_20210418T114054404_20210418T114102404.fits'
 'ch2_cla_l1_20210418T114102404_20210418T114110404.fits'
 'ch2_cla_l1_20210418T114110404_20210418T114118404.fits'
 'ch2_cla_l1_20210418T114118404_20210418T114126404.fits'
 'ch2_cla_l1_20210418T114126404_20210418T114134404.fits'
 'ch2_cla_l1_20210418T114134404_20210418T114142404.fits'
 'ch2_cla_l1_20210418T114142404_20210418T114150404.fits'
 'ch2_cla_l1_20210418T114150404_20210418T114158404.fits'
 'ch2_cla_l1_20210418T114158404_20210418T114206404.fits'
 'ch2_cla_l1_20210418T114206404_20210418T114214404.fits'
 'ch2_cla_l1_20210418T114214404_20210418T114222404.fits'
 'ch2_cla_l1_20210418T114222404_20210418T114230404.fits'
 'ch2_cla_l1_20210418T114230404_20210418T114238404.fits'
 'ch2_cla_l1_20210418T114238404_20210418T114246404.fits'
 'ch2_cla_l1_20210418T114246404_20210418T114254404.fits'
 'ch2_cla_l1_20210418T114254404_20210418T114302404.fits'
 'ch2_cla_l1_20210418T114302404_20210418T114310404.fits'
 'ch2_cla_l1_20210418T114310404_20210418T114318404.fits'
 'ch2_cla_l1_20210418T114318404_20210418T114326404.fits'
 'ch2_cla_l1_20210418T114326404_20210418T114334404.fits'
 'ch2_cla_l1_20210418T114334404_20210418T114342404.fits'
 'ch2_cla_l1_20210418T114342404_20210418T114350404.fits'
 'ch2_cla_l1_20210418T114350404_20210418T114358404.fits'
 'ch2_cla_l1_20210418T114358404_20210418T114406404.fits'
 'ch2_cla_l1_20210418T114406404_20210418T114414404.fits'
 'ch2_cla_l1_20210418T114414404_20210418T114422404.fits'
 'ch2_cla_l1_20210418T114422404_20210418T114430404.fits'
 'ch2_cla_l1_20210418T114430404_20210418T114438404.fits'
 'ch2_cla_l1_20210418T114438404_20210418T114446404.fits'
 'ch2_cla_l1_20210418T114446404_20210418T114454404.fits'
 'ch2_cla_l1_20210418T114454404_20210418T114502404.fits'
 'ch2_cla_l1_20210418T114502404_20210418T114510404.fits'
 'ch2_cla_l1_20210418T114510404_20210418T114518404.fits'
 'ch2_cla_l1_20210418T114518404_20210418T114526404.fits'
 'ch2_cla_l1_20210418T114526404_20210418T114534404.fits'
 'ch2_cla_l1_20210418T114534404_20210418T114542404.fits'
 'ch2_cla_l1_20210418T114542404_20210418T114550404.fits'
 'ch2_cla_l1_20210418T114550404_20210418T114558404.fits'
 'ch2_cla_l1_20210418T114558404_20210418T114606404.fits'
 'ch2_cla_l1_20210418T114606404_20210418T114614404.fits'
 'ch2_cla_l1_20210418T114614404_20210418T114622404.fits'
 'ch2_cla_l1_20210418T114622404_20210418T114630404.fits'
 'ch2_cla_l1_20210418T114630404_20210418T114638404.fits'
 'ch2_cla_l1_20210418T114638404_20210418T114646404.fits'
 'ch2_cla_l1_20210418T114646404_20210418T114654404.fits'
 'ch2_cla_l1_20210418T114654404_20210418T114702404.fits'
 'ch2_cla_l1_20210418T114702404_20210418T114710404.fits'
 'ch2_cla_l1_20210418T114710404_20210418T114718404.fits'
 'ch2_cla_l1_20210418T114718404_20210418T114726404.fits'
 'ch2_cla_l1_20210418T114726404_20210418T114734404.fits'
 'ch2_cla_l1_20210418T114734404_20210418T114742404.fits'
 'ch2_cla_l1_20210418T114742404_20210418T114750404.fits'
 'ch2_cla_l1_20210418T114750404_20210418T114758404.fits'
 'ch2_cla_l1_20210418T114758404_20210418T114806404.fits'
 'ch2_cla_l1_20210418T114806404_20210418T114814404.fits'
 'ch2_cla_l1_20210418T114814404_20210418T114822404.fits'
 'ch2_cla_l1_20210418T114822404_20210418T114830404.fits'
 'ch2_cla_l1_20210418T114830404_20210418T114838404.fits'
 'ch2_cla_l1_20210418T114838404_20210418T114846404.fits'
 'ch2_cla_l1_20210418T114846404_20210418T114854404.fits'
 'ch2_cla_l1_20210418T114854404_20210418T114902404.fits'
 'ch2_cla_l1_20210418T114902404_20210418T114910404.fits'
 'ch2_cla_l1_20210418T114910404_20210418T114918404.fits'
 'ch2_cla_l1_20210418T114918404_20210418T114926404.fits'
 'ch2_cla_l1_20210418T114926404_20210418T114934404.fits'
 'ch2_cla_l1_20210418T114934404_20210418T114942404.fits'
 'ch2_cla_l1_20210418T114942404_20210418T114950404.fits'
 'ch2_cla_l1_20210418T114950404_20210418T114958404.fits'
 'ch2_cla_l1_20210418T114958404_20210418T115006404.fits'
 'ch2_cla_l1_20210418T115006404_20210418T115014404.fits'
 'ch2_cla_l1_20210418T115014404_20210418T115022404.fits'
 'ch2_cla_l1_20210418T115022404_20210418T115030404.fits'
 'ch2_cla_l1_20210418T115030404_20210418T115038404.fits'
 'ch2_cla_l1_20210418T115038404_20210418T115046404.fits'
 'ch2_cla_l1_20210418T115046404_20210418T115054404.fits'
 'ch2_cla_l1_20210418T115054404_20210418T115102404.fits'
 'ch2_cla_l1_20210418T115102404_20210418T115110404.fits'
 'ch2_cla_l1_20210418T115110404_20210418T115118404.fits'
 'ch2_cla_l1_20210418T115118404_20210418T115126404.fits'
 'ch2_cla_l1_20210418T115126404_20210418T115134404.fits'
 'ch2_cla_l1_20210418T115134404_20210418T115142404.fits'
 'ch2_cla_l1_20210418T115142404_20210418T115150404.fits'
 'ch2_cla_l1_20210418T115150404_20210418T115158404.fits'
 'ch2_cla_l1_20210418T115158404_20210418T115206404.fits'
 'ch2_cla_l1_20210418T115206404_20210418T115214404.fits'
 'ch2_cla_l1_20210418T115214404_20210418T115222404.fits'
 'ch2_cla_l1_20210418T115222404_20210418T115230404.fits'
 'ch2_cla_l1_20210418T115230404_20210418T115238404.fits'
 'ch2_cla_l1_20210418T115238404_20210418T115246404.fits'
 'ch2_cla_l1_20210418T115246404_20210418T115254404.fits'
 'ch2_cla_l1_20210418T115254404_20210418T115302404.fits'
 'ch2_cla_l1_20210418T115302404_20210418T115310404.fits'
 'ch2_cla_l1_20210418T115310404_20210418T115318404.fits'
 'ch2_cla_l1_20210418T115318404_20210418T115326404.fits'
 'ch2_cla_l1_20210418T115326404_20210418T115334404.fits'
 'ch2_cla_l1_20210418T115334404_20210418T115342404.fits'
 'ch2_cla_l1_20210418T115342404_20210418T115350404.fits'
 'ch2_cla_l1_20210418T115350404_20210418T115358404.fits'
 'ch2_cla_l1_20210418T115358404_20210418T115406404.fits'
 'ch2_cla_l1_20210418T115406404_20210418T115414404.fits'
 'ch2_cla_l1_20210418T115414404_20210418T115422404.fits'
 'ch2_cla_l1_20210418T115422404_20210418T115430404.fits'
 'ch2_cla_l1_20210418T115430404_20210418T115438404.fits'
 'ch2_cla_l1_20210418T115438404_20210418T115446404.fits'
 'ch2_cla_l1_20210418T115446404_20210418T115454404.fits'
 'ch2_cla_l1_20210418T115454404_20210418T115502404.fits'
 'ch2_cla_l1_20210418T115502404_20210418T115510404.fits'
 'ch2_cla_l1_20210418T115510404_20210418T115518404.fits'
 'ch2_cla_l1_20210418T115518404_20210418T115526404.fits'
 'ch2_cla_l1_20210418T115526404_20210418T115534404.fits'
 'ch2_cla_l1_20210418T115534404_20210418T115542404.fits'
 'ch2_cla_l1_20210418T115542404_20210418T115550404.fits'
 'ch2_cla_l1_20210418T115550404_20210418T115558404.fits'
 'ch2_cla_l1_20210418T115558404_20210418T115606404.fits'
 'ch2_cla_l1_20210418T115606404_20210418T115614404.fits'
 'ch2_cla_l1_20210418T115614404_20210418T115622404.fits'
 'ch2_cla_l1_20210418T115622404_20210418T115630404.fits'
 'ch2_cla_l1_20210418T115630404_20210418T115638404.fits'
 'ch2_cla_l1_20210418T115638404_20210418T115646404.fits'
 'ch2_cla_l1_20210418T115646404_20210418T115654404.fits'
 'ch2_cla_l1_20210418T115654404_20210418T115702404.fits'
 'ch2_cla_l1_20210418T115702404_20210418T115710404.fits'
 'ch2_cla_l1_20210418T115710404_20210418T115718404.fits'
 'ch2_cla_l1_20210418T115718404_20210418T115726404.fits'
 'ch2_cla_l1_20210418T115726404_20210418T115734404.fits'
 'ch2_cla_l1_20210418T115734404_20210418T115742404.fits'
 'ch2_cla_l1_20210418T115742404_20210418T115750404.fits'
 'ch2_cla_l1_20210418T115750404_20210418T115758404.fits'
 'ch2_cla_l1_20210418T115758404_20210418T115806404.fits'
 'ch2_cla_l1_20210418T115806404_20210418T115814404.fits'
 'ch2_cla_l1_20210418T115814404_20210418T115822404.fits'
 'ch2_cla_l1_20210418T115822404_20210418T115830404.fits'
 'ch2_cla_l1_20210418T115830404_20210418T115838404.fits'
 'ch2_cla_l1_20210418T115838404_20210418T115846404.fits'
 'ch2_cla_l1_20210418T115846404_20210418T115854404.fits'
 'ch2_cla_l1_20210418T115854404_20210418T115902404.fits'
 'ch2_cla_l1_20210418T115902404_20210418T115910404.fits'
 'ch2_cla_l1_20210418T115910404_20210418T115918404.fits'
 'ch2_cla_l1_20210418T115918404_20210418T115926404.fits'
 'ch2_cla_l1_20210418T115926404_20210418T115934404.fits'
 'ch2_cla_l1_20210418T115934404_20210418T115942404.fits'
 'ch2_cla_l1_20210418T115942404_20210418T115950404.fits'
 'ch2_cla_l1_20210418T115950404_20210418T115958404.fits'
 'ch2_cla_l1_20210418T115958404_20210418T120006404.fits'
 'ch2_cla_l1_20210418T120006404_20210418T120014404.fits'
 'ch2_cla_l1_20210418T120014404_20210418T120022404.fits'
 'ch2_cla_l1_20210418T120022404_20210418T120030404.fits'
 'ch2_cla_l1_20210418T120030404_20210418T120038404.fits'
 'ch2_cla_l1_20210418T120038404_20210418T120046404.fits'
 'ch2_cla_l1_20210418T120046404_20210418T120054404.fits'
 'ch2_cla_l1_20210418T120054404_20210418T120102404.fits'
 'ch2_cla_l1_20210418T120102404_20210418T120110404.fits'
 'ch2_cla_l1_20210418T120110404_20210418T120118404.fits'
 'ch2_cla_l1_20210418T120118404_20210418T120126404.fits'
 'ch2_cla_l1_20210418T120126404_20210418T120134404.fits'
 'ch2_cla_l1_20210418T120134404_20210418T120142404.fits'
 'ch2_cla_l1_20210418T120142404_20210418T120150404.fits'
 'ch2_cla_l1_20210418T120150404_20210418T120158404.fits'
 'ch2_cla_l1_20210418T120158404_20210418T120206404.fits'
 'ch2_cla_l1_20210418T120206404_20210418T120214404.fits'
 'ch2_cla_l1_20210418T120214404_20210418T120222404.fits'
 'ch2_cla_l1_20210418T120222404_20210418T120230404.fits'
 'ch2_cla_l1_20210418T120230404_20210418T120238404.fits'
 'ch2_cla_l1_20210418T120238404_20210418T120246404.fits'
 'ch2_cla_l1_20210418T120246404_20210418T120254404.fits'
 'ch2_cla_l1_20210418T120254404_20210418T120302404.fits'
 'ch2_cla_l1_20210418T120302404_20210418T120310404.fits'
 'ch2_cla_l1_20210418T120310404_20210418T120318404.fits'
 'ch2_cla_l1_20210418T120318404_20210418T120326404.fits'
 'ch2_cla_l1_20210418T120326404_20210418T120334404.fits'
 'ch2_cla_l1_20210418T120334404_20210418T120342404.fits'
 'ch2_cla_l1_20210418T120342404_20210418T120350404.fits'
 'ch2_cla_l1_20210418T120350404_20210418T120358404.fits'
 'ch2_cla_l1_20210418T120358404_20210418T120406404.fits'
 'ch2_cla_l1_20210418T120406404_20210418T120414404.fits'
 'ch2_cla_l1_20210418T120414404_20210418T120422404.fits'
 'ch2_cla_l1_20210418T120422404_20210418T120430404.fits'
 'ch2_cla_l1_20210418T120430404_20210418T120438404.fits'
 'ch2_cla_l1_20210418T120438404_20210418T120446404.fits'
 'ch2_cla_l1_20210418T120446404_20210418T120454404.fits'
 'ch2_cla_l1_20210418T120454404_20210418T120502404.fits'
 'ch2_cla_l1_20210418T120502404_20210418T120510404.fits'
 'ch2_cla_l1_20210418T120510404_20210418T120518404.fits'
 'ch2_cla_l1_20210418T120518404_20210418T120526404.fits'
 'ch2_cla_l1_20210418T120526404_20210418T120534404.fits'
 'ch2_cla_l1_20210418T120534404_20210418T120542404.fits'
 'ch2_cla_l1_20210418T120542404_20210418T120550404.fits'
 'ch2_cla_l1_20210418T120550404_20210418T120558404.fits'
 'ch2_cla_l1_20210418T120558404_20210418T120606404.fits'
 'ch2_cla_l1_20210418T120606404_20210418T120614404.fits'
 'ch2_cla_l1_20210418T120614404_20210418T120622404.fits'
 'ch2_cla_l1_20210418T120622404_20210418T120630404.fits'
 'ch2_cla_l1_20210418T120630404_20210418T120638404.fits'
 'ch2_cla_l1_20210418T120638404_20210418T120646404.fits'
 'ch2_cla_l1_20210418T120646404_20210418T120654404.fits'
 'ch2_cla_l1_20210418T120654404_20210418T120702404.fits'
 'ch2_cla_l1_20210418T120702404_20210418T120710404.fits'
 'ch2_cla_l1_20210418T120710404_20210418T120718404.fits'
 'ch2_cla_l1_20210418T120718404_20210418T120726404.fits'
 'ch2_cla_l1_20210418T120726404_20210418T120734404.fits'
 'ch2_cla_l1_20210418T120734404_20210418T120742404.fits'
 'ch2_cla_l1_20210418T120742404_20210418T120750404.fits'
 'ch2_cla_l1_20210418T120750404_20210418T120758404.fits'
 'ch2_cla_l1_20210418T120758404_20210418T120806404.fits'
 'ch2_cla_l1_20210418T120806404_20210418T120814404.fits'
 'ch2_cla_l1_20210418T120814404_20210418T120822404.fits'
 'ch2_cla_l1_20210418T120822404_20210418T120830404.fits'
 'ch2_cla_l1_20210418T120830404_20210418T120838404.fits'
 'ch2_cla_l1_20210418T120838404_20210418T120846404.fits'
 'ch2_cla_l1_20210418T120846404_20210418T120854404.fits'
 'ch2_cla_l1_20210418T120854404_20210418T120902404.fits'
 'ch2_cla_l1_20210418T120902404_20210418T120910404.fits'
 'ch2_cla_l1_20210418T120910404_20210418T120918404.fits'
 'ch2_cla_l1_20210418T120918404_20210418T120926404.fits'
 'ch2_cla_l1_20210418T120926404_20210418T120934404.fits'
 'ch2_cla_l1_20210418T120934404_20210418T120942404.fits'
 'ch2_cla_l1_20210418T120942404_20210418T120950404.fits'
 'ch2_cla_l1_20210418T120950404_20210418T120958404.fits'
 'ch2_cla_l1_20210418T120958404_20210418T121006404.fits'
 'ch2_cla_l1_20210418T121006404_20210418T121014404.fits'
 'ch2_cla_l1_20210418T121014404_20210418T121022404.fits'
 'ch2_cla_l1_20210418T121022404_20210418T121030404.fits'
 'ch2_cla_l1_20210418T121030404_20210418T121038404.fits'
 'ch2_cla_l1_20210418T121038404_20210418T121046404.fits'
 'ch2_cla_l1_20210418T121046404_20210418T121054404.fits'
 'ch2_cla_l1_20210418T121054404_20210418T121102404.fits'
 'ch2_cla_l1_20210418T121102404_20210418T121110404.fits'
 'ch2_cla_l1_20210418T121110404_20210418T121118404.fits'
 'ch2_cla_l1_20210418T121118404_20210418T121126404.fits'
 'ch2_cla_l1_20210418T121126404_20210418T121134404.fits'
 'ch2_cla_l1_20210418T121134404_20210418T121142404.fits'
 'ch2_cla_l1_20210418T121142404_20210418T121150404.fits'
 'ch2_cla_l1_20210418T121150404_20210418T121158404.fits'
 'ch2_cla_l1_20210418T121158404_20210418T121206404.fits'
 'ch2_cla_l1_20210418T121206404_20210418T121214404.fits'
 'ch2_cla_l1_20210418T121214404_20210418T121222404.fits'
 'ch2_cla_l1_20210418T121222404_20210418T121230404.fits'
 'ch2_cla_l1_20210418T121230404_20210418T121238404.fits'
 'ch2_cla_l1_20210418T121238404_20210418T121246404.fits'
 'ch2_cla_l1_20210418T121246404_20210418T121254404.fits'
 'ch2_cla_l1_20210418T121254404_20210418T121302404.fits'
 'ch2_cla_l1_20210418T121302404_20210418T121310404.fits'
 'ch2_cla_l1_20210418T121310404_20210418T121318404.fits'
 'ch2_cla_l1_20210418T121318404_20210418T121326404.fits'
 'ch2_cla_l1_20210418T121326404_20210418T121334404.fits'
 'ch2_cla_l1_20210418T121334404_20210418T121342404.fits'
 'ch2_cla_l1_20210418T121342404_20210418T121350404.fits'
 'ch2_cla_l1_20210418T121350404_20210418T121358404.fits'
 'ch2_cla_l1_20210418T121358404_20210418T121406404.fits'
 'ch2_cla_l1_20210418T121406404_20210418T121414404.fits'
 'ch2_cla_l1_20210418T121414404_20210418T121422404.fits'
 'ch2_cla_l1_20210418T121422404_20210418T121430404.fits'
 'ch2_cla_l1_20210418T121430404_20210418T121438404.fits'
 'ch2_cla_l1_20210418T121438404_20210418T121446404.fits'
 'ch2_cla_l1_20210418T121446404_20210418T121454404.fits'
 'ch2_cla_l1_20210418T121454404_20210418T121502404.fits'
 'ch2_cla_l1_20210418T121502404_20210418T121510404.fits'
 'ch2_cla_l1_20210418T121510404_20210418T121518404.fits'
 'ch2_cla_l1_20210418T121518404_20210418T121526404.fits'
 'ch2_cla_l1_20210418T121526404_20210418T121534404.fits'
 'ch2_cla_l1_20210418T121534404_20210418T121542404.fits'
 'ch2_cla_l1_20210418T121542404_20210418T121550404.fits'
 'ch2_cla_l1_20210418T121550404_20210418T121558404.fits'
 'ch2_cla_l1_20210418T121558404_20210418T121606404.fits'
 'ch2_cla_l1_20210418T121606404_20210418T121614404.fits'
 'ch2_cla_l1_20210418T121614404_20210418T121622404.fits'
 'ch2_cla_l1_20210418T121622404_20210418T121630404.fits'
 'ch2_cla_l1_20210418T121630404_20210418T121638404.fits'
 'ch2_cla_l1_20210418T121638404_20210418T121646404.fits'
 'ch2_cla_l1_20210418T121646404_20210418T121654404.fits'
 'ch2_cla_l1_20210418T121654404_20210418T121702404.fits'
 'ch2_cla_l1_20210418T121702404_20210418T121710404.fits'
 'ch2_cla_l1_20210418T121710404_20210418T121718404.fits'
 'ch2_cla_l1_20210418T121718404_20210418T121726404.fits'
 'ch2_cla_l1_20210418T121726404_20210418T121734404.fits'
 'ch2_cla_l1_20210418T121734404_20210418T121742404.fits'
 'ch2_cla_l1_20210418T121742404_20210418T121750404.fits'
 'ch2_cla_l1_20210418T121750404_20210418T121758404.fits'
 'ch2_cla_l1_20210418T121758404_20210418T121806404.fits'
 'ch2_cla_l1_20210418T121806404_20210418T121814404.fits'
 'ch2_cla_l1_20210418T121814404_20210418T121822404.fits'
 'ch2_cla_l1_20210418T121822404_20210418T121830404.fits'
 'ch2_cla_l1_20210418T121830404_20210418T121838404.fits'
 'ch2_cla_l1_20210418T121838404_20210418T121846404.fits'
 'ch2_cla_l1_20210418T121846404_20210418T121854404.fits'
 'ch2_cla_l1_20210418T121854404_20210418T121902404.fits'
 'ch2_cla_l1_20210418T121902404_20210418T121910404.fits'
 'ch2_cla_l1_20210418T121910404_20210418T121918404.fits'
 'ch2_cla_l1_20210418T121918404_20210418T121926404.fits'
 'ch2_cla_l1_20210418T121926404_20210418T121934404.fits'
 'ch2_cla_l1_20210418T121934404_20210418T121942404.fits'
 'ch2_cla_l1_20210418T121942404_20210418T121950404.fits'
 'ch2_cla_l1_20210418T121950404_20210418T121958404.fits'
 'ch2_cla_l1_20210418T121958404_20210418T122006404.fits'
 'ch2_cla_l1_20210418T122006404_20210418T122014404.fits'
 'ch2_cla_l1_20210418T122014404_20210418T122022404.fits'
 'ch2_cla_l1_20210418T122022404_20210418T122030404.fits'
 'ch2_cla_l1_20210418T122030404_20210418T122038404.fits'
 'ch2_cla_l1_20210418T122038404_20210418T122046404.fits'
 'ch2_cla_l1_20210418T122046404_20210418T122054404.fits']","['ch2_cla_l1_20210418T103920792_20210418T103924346.fits'
 'ch2_cla_l1_20210418T110542404_20210418T110550404.fits'
 'ch2_cla_l1_20210418T110550404_20210418T110558404.fits'
 'ch2_cla_l1_20210418T110558404_20210418T110606404.fits'
 'ch2_cla_l1_20210418T110606404_20210418T110614404.fits'
 'ch2_cla_l1_20210418T110614404_20210418T110622404.fits'
 'ch2_cla_l1_20210418T110622404_20210418T110630404.fits'
 'ch2_cla_l1_20210418T110630404_20210418T110638404.fits'
 'ch2_cla_l1_20210418T110638404_20210418T110646404.fits'
 'ch2_cla_l1_20210418T110646404_20210418T110654404.fits'
 'ch2_cla_l1_20210418T110654404_20210418T110702404.fits'
 'ch2_cla_l1_20210418T110702404_20210418T110710404.fits'
 'ch2_cla_l1_20210418T110710404_20210418T110718404.fits'
 'ch2_cla_l1_20210418T110718404_20210418T110726404.fits'
 'ch2_cla_l1_20210418T110726404_20210418T110734404.fits'
 'ch2_cla_l1_20210418T110734404_20210418T110742404.fits'
 'ch2_cla_l1_20210418T110742404_20210418T110750404.fits'
 'ch2_cla_l1_20210418T110750404_20210418T110758404.fits'
 'ch2_cla_l1_20210418T110758404_20210418T110806404.fits'
 'ch2_cla_l1_20210418T110806404_20210418T110814404.fits'
 'ch2_cla_l1_20210418T110814404_20210418T110822404.fits'
 'ch2_cla_l1_20210418T110822404_20210418T110830404.fits'
 'ch2_cla_l1_20210418T110830404_20210418T110838404.fits'
 'ch2_cla_l1_20210418T110838404_20210418T110846404.fits'
 'ch2_cla_l1_20210418T110846404_20210418T110854404.fits'
 'ch2_cla_l1_20210418T110854404_20210418T110902404.fits'
 'ch2_cla_l1_20210418T110902404_20210418T110910404.fits'
 'ch2_cla_l1_20210418T110910404_20210418T110918404.fits'
 'ch2_cla_l1_20210418T110918404_20210418T110926404.fits'
 'ch2_cla_l1_20210418T110926404_20210418T110934404.fits'
 'ch2_cla_l1_20210418T110934404_20210418T110942404.fits'
 'ch2_cla_l1_20210418T110942404_20210418T110950404.fits'
 'ch2_cla_l1_20210418T110950404_20210418T110958404.fits'
 'ch2_cla_l1_20210418T110958404_20210418T111006404.fits'
 'ch2_cla_l1_20210418T111006404_20210418T111014404.fits'
 'ch2_cla_l1_20210418T111014404_20210418T111022404.fits'
 'ch2_cla_l1_20210418T111022404_20210418T111030404.fits'
 'ch2_cla_l1_20210418T111030404_20210418T111038404.fits'
 'ch2_cla_l1_20210418T111038404_20210418T111046404.fits'
 'ch2_cla_l1_20210418T111046404_20210418T111054404.fits'
 'ch2_cla_l1_20210418T111054404_20210418T111102404.fits'
 'ch2_cla_l1_20210418T111102404_20210418T111110404.fits'
 'ch2_cla_l1_20210418T111110404_20210418T111118404.fits'
 'ch2_cla_l1_20210418T111118404_20210418T111126404.fits'
 'ch2_cla_l1_20210418T111126404_20210418T111134404.fits'
 'ch2_cla_l1_20210418T111134404_20210418T111142404.fits'
 'ch2_cla_l1_20210418T111142404_20210418T111150404.fits'
 'ch2_cla_l1_20210418T111150404_20210418T111158404.fits'
 'ch2_cla_l1_20210418T111158404_20210418T111206404.fits'
 'ch2_cla_l1_20210418T111206404_20210418T111214404.fits'
 'ch2_cla_l1_20210418T111214404_20210418T111222404.fits'
 'ch2_cla_l1_20210418T111222404_20210418T111230404.fits'
 'ch2_cla_l1_20210418T111230404_20210418T111238404.fits'
 'ch2_cla_l1_20210418T111238404_20210418T111246404.fits'
 'ch2_cla_l1_20210418T111246404_20210418T111254404.fits'
 'ch2_cla_l1_20210418T111254404_20210418T111302404.fits'
 'ch2_cla_l1_20210418T111302404_20210418T111310404.fits'
 'ch2_cla_l1_20210418T111310404_20210418T111318404.fits'
 'ch2_cla_l1_20210418T111318404_20210418T111326404.fits'
 'ch2_cla_l1_20210418T111326404_20210418T111334404.fits'
 'ch2_cla_l1_20210418T111334404_20210418T111342404.fits'
 'ch2_cla_l1_20210418T111342404_20210418T111350404.fits'
 'ch2_cla_l1_20210418T111350404_20210418T111358404.fits'
 'ch2_cla_l1_20210418T111358404_20210418T111406404.fits'
 'ch2_cla_l1_20210418T111406404_20210418T111414404.fits'
 'ch2_cla_l1_20210418T111414404_20210418T111422404.fits'
 'ch2_cla_l1_20210418T111422404_20210418T111430404.fits'
 'ch2_cla_l1_20210418T111430404_20210418T111438404.fits'
 'ch2_cla_l1_20210418T111438404_20210418T111446404.fits'
 'ch2_cla_l1_20210418T111446404_20210418T111454404.fits'
 'ch2_cla_l1_20210418T111454404_20210418T111502404.fits'
 'ch2_cla_l1_20210418T111502404_20210418T111510404.fits'
 'ch2_cla_l1_20210418T111510404_20210418T111518404.fits'
 'ch2_cla_l1_20210418T111518404_20210418T111526404.fits'
 'ch2_cla_l1_20210418T111526404_20210418T111534404.fits'
 'ch2_cla_l1_20210418T111534404_20210418T111542404.fits'
 'ch2_cla_l1_20210418T111542404_20210418T111550404.fits'
 'ch2_cla_l1_20210418T111550404_20210418T111558404.fits'
 'ch2_cla_l1_20210418T111558404_20210418T111606404.fits'
 'ch2_cla_l1_20210418T111606404_20210418T111614404.fits'
 'ch2_cla_l1_20210418T111614404_20210418T111622404.fits'
 'ch2_cla_l1_20210418T111622404_20210418T111630404.fits'
 'ch2_cla_l1_20210418T111630404_20210418T111638404.fits'
 'ch2_cla_l1_20210418T111638404_20210418T111646404.fits'
 'ch2_cla_l1_20210418T111646404_20210418T111654404.fits'
 'ch2_cla_l1_20210418T111654404_20210418T111702404.fits'
 'ch2_cla_l1_20210418T111702404_20210418T111710404.fits'
 'ch2_cla_l1_20210418T111710404_20210418T111718404.fits'
 'ch2_cla_l1_20210418T111718404_20210418T111726404.fits'
 'ch2_cla_l1_20210418T111726404_20210418T111734404.fits'
 'ch2_cla_l1_20210418T111734404_20210418T111742404.fits'
 'ch2_cla_l1_20210418T111742404_20210418T111750404.fits'
 'ch2_cla_l1_20210418T111750404_20210418T111758404.fits'
 'ch2_cla_l1_20210418T111758404_20210418T111806404.fits'
 'ch2_cla_l1_20210418T111806404_20210418T111814404.fits'
 'ch2_cla_l1_20210418T111814404_20210418T111822404.fits'
 'ch2_cla_l1_20210418T111822404_20210418T111830404.fits'
 'ch2_cla_l1_20210418T111830404_20210418T111838404.fits'
 'ch2_cla_l1_20210418T111838404_20210418T111846404.fits'
 'ch2_cla_l1_20210418T111846404_20210418T111854404.fits'
 'ch2_cla_l1_20210418T111854404_20210418T111902404.fits'
 'ch2_cla_l1_20210418T111902404_20210418T111910404.fits'
 'ch2_cla_l1_20210418T111910404_20210418T111918404.fits'
 'ch2_cla_l1_20210418T111918404_20210418T111926404.fits'
 'ch2_cla_l1_20210418T111926404_20210418T111934404.fits'
 'ch2_cla_l1_20210418T111934404_20210418T111942404.fits'
 'ch2_cla_l1_20210418T111942404_20210418T111950404.fits'
 'ch2_cla_l1_20210418T111950404_20210418T111958404.fits'
 'ch2_cla_l1_20210418T111958404_20210418T112006404.fits'
 'ch2_cla_l1_20210418T112006404_20210418T112014404.fits'
 'ch2_cla_l1_20210418T112014404_20210418T112022404.fits'
 'ch2_cla_l1_20210418T112022404_20210418T112030404.fits'
 'ch2_cla_l1_20210418T112030404_20210418T112038404.fits'
 'ch2_cla_l1_20210418T112038404_20210418T112046404.fits'
 'ch2_cla_l1_20210418T122142404_20210418T122150404.fits'
 'ch2_cla_l1_20210418T122150404_20210418T122158404.fits'
 'ch2_cla_l1_20210418T122158404_20210418T122206404.fits'
 'ch2_cla_l1_20210418T122206404_20210418T122214404.fits'
 'ch2_cla_l1_20210418T122214404_20210418T122222404.fits'
 'ch2_cla_l1_20210418T122222404_20210418T122230404.fits'
 'ch2_cla_l1_20210418T122230404_20210418T122238404.fits'
 'ch2_cla_l1_20210418T122238404_20210418T122246404.fits'
 'ch2_cla_l1_20210418T122246404_20210418T122254404.fits'
 'ch2_cla_l1_20210418T122254404_20210418T122302404.fits'
 'ch2_cla_l1_20210418T122302404_20210418T122310404.fits'
 'ch2_cla_l1_20210418T122310404_20210418T122318404.fits'
 'ch2_cla_l1_20210418T122318404_20210418T122326404.fits'
 'ch2_cla_l1_20210418T122326404_20210418T122334404.fits'
 'ch2_cla_l1_20210418T122334404_20210418T122342404.fits'
 'ch2_cla_l1_20210418T122342404_20210418T122350404.fits'
 'ch2_cla_l1_20210418T122350404_20210418T122358404.fits'
 'ch2_cla_l1_20210418T122358404_20210418T122406404.fits'
 'ch2_cla_l1_20210418T122406404_20210418T122414404.fits'
 'ch2_cla_l1_20210418T122414404_20210418T122422404.fits'
 'ch2_cla_l1_20210418T122422404_20210418T122430404.fits'
 'ch2_cla_l1_20210418T122430404_20210418T122438404.fits'
 'ch2_cla_l1_20210418T122438404_20210418T122446404.fits'
 'ch2_cla_l1_20210418T122446404_20210418T122454404.fits'
 'ch2_cla_l1_20210418T122454404_20210418T122502404.fits'
 'ch2_cla_l1_20210418T122502404_20210418T122510404.fits'
 'ch2_cla_l1_20210418T122510404_20210418T122518404.fits'
 'ch2_cla_l1_20210418T122518404_20210418T122526404.fits'
 'ch2_cla_l1_20210418T122526404_20210418T122534404.fits'
 'ch2_cla_l1_20210418T122534404_20210418T122542404.fits'
 'ch2_cla_l1_20210418T122542404_20210418T122550404.fits'
 'ch2_cla_l1_20210418T122550404_20210418T122558404.fits'
 'ch2_cla_l1_20210418T122558404_20210418T122606404.fits'
 'ch2_cla_l1_20210418T122606404_20210418T122614404.fits'
 'ch2_cla_l1_20210418T122614404_20210418T122622404.fits'
 'ch2_cla_l1_20210418T122622404_20210418T122630404.fits'
 'ch2_cla_l1_20210418T122630404_20210418T122638404.fits'
 'ch2_cla_l1_20210418T122638404_20210418T122646404.fits'
 'ch2_cla_l1_20210418T122646404_20210418T122654404.fits'
 'ch2_cla_l1_20210418T122654404_20210418T122702404.fits'
 'ch2_cla_l1_20210418T122702404_20210418T122710404.fits'
 'ch2_cla_l1_20210418T122710404_20210418T122718404.fits'
 'ch2_cla_l1_20210418T122718404_20210418T122726404.fits'
 'ch2_cla_l1_20210418T122726404_20210418T122734404.fits'
 'ch2_cla_l1_20210418T122734404_20210418T122742404.fits'
 'ch2_cla_l1_20210418T122742404_20210418T122750404.fits'
 'ch2_cla_l1_20210418T122750404_20210418T122758404.fits'
 'ch2_cla_l1_20210418T122758404_20210418T122806404.fits'
 'ch2_cla_l1_20210418T122806404_20210418T122814404.fits'
 'ch2_cla_l1_20210418T122814404_20210418T122822404.fits'
 'ch2_cla_l1_20210418T122822404_20210418T122830404.fits'
 'ch2_cla_l1_20210418T122830404_20210418T122838404.fits'
 'ch2_cla_l1_20210418T122838404_20210418T122846404.fits'
 'ch2_cla_l1_20210418T122846404_20210418T122854404.fits'
 'ch2_cla_l1_20210418T122854404_20210418T122902404.fits'
 'ch2_cla_l1_20210418T122902404_20210418T122910404.fits'
 'ch2_cla_l1_20210418T122910404_20210418T122918404.fits'
 'ch2_cla_l1_20210418T122918404_20210418T122926404.fits'
 'ch2_cla_l1_20210418T122926404_20210418T122934404.fits'
 'ch2_cla_l1_20210418T122934404_20210418T122942404.fits'
 'ch2_cla_l1_20210418T122942404_20210418T122950404.fits'
 'ch2_cla_l1_20210418T122950404_20210418T122958404.fits'
 'ch2_cla_l1_20210418T122958404_20210418T123006404.fits'
 'ch2_cla_l1_20210418T123006404_20210418T123014404.fits'
 'ch2_cla_l1_20210418T123014404_20210418T123022404.fits'
 'ch2_cla_l1_20210418T123022404_20210418T123030404.fits'
 'ch2_cla_l1_20210418T123030404_20210418T123038404.fits'
 'ch2_cla_l1_20210418T123038404_20210418T123046404.fits'
 'ch2_cla_l1_20210418T123046404_20210418T123054404.fits'
 'ch2_cla_l1_20210418T123054404_20210418T123102404.fits'
 'ch2_cla_l1_20210418T123102404_20210418T123110404.fits'
 'ch2_cla_l1_20210418T123110404_20210418T123118404.fits'
 'ch2_cla_l1_20210418T123118404_20210418T123126404.fits'
 'ch2_cla_l1_20210418T123126404_20210418T123134404.fits'
 'ch2_cla_l1_20210418T123134404_20210418T123142404.fits'
 'ch2_cla_l1_20210418T123142404_20210418T123150404.fits'
 'ch2_cla_l1_20210418T123150404_20210418T123158404.fits'
 'ch2_cla_l1_20210418T123158404_20210418T123206404.fits'
 'ch2_cla_l1_20210418T123206404_20210418T123214404.fits'
 'ch2_cla_l1_20210418T123214404_20210418T123222404.fits'
 'ch2_cla_l1_20210418T123222404_20210418T123230404.fits'
 'ch2_cla_l1_20210418T123230404_20210418T123238404.fits'
 'ch2_cla_l1_20210418T123238404_20210418T123246404.fits'
 'ch2_cla_l1_20210418T123246404_20210418T123254404.fits'
 'ch2_cla_l1_20210418T123254404_20210418T123302404.fits'
 'ch2_cla_l1_20210418T123302404_20210418T123310404.fits'
 'ch2_cla_l1_20210418T123310404_20210418T123318404.fits'
 'ch2_cla_l1_20210418T123318404_20210418T123326404.fits'
 'ch2_cla_l1_20210418T123326404_20210418T123334404.fits'
 'ch2_cla_l1_20210418T123334404_20210418T123342404.fits'
 'ch2_cla_l1_20210418T123342404_20210418T123350404.fits'
 'ch2_cla_l1_20210418T123350404_20210418T123358404.fits'
 'ch2_cla_l1_20210418T123358404_20210418T123406404.fits'
 'ch2_cla_l1_20210418T123406404_20210418T123414404.fits'
 'ch2_cla_l1_20210418T123414404_20210418T123422404.fits'
 'ch2_cla_l1_20210418T123422404_20210418T123430404.fits'
 'ch2_cla_l1_20210418T123430404_20210418T123438404.fits'
 'ch2_cla_l1_20210418T123438404_20210418T123446404.fits'
 'ch2_cla_l1_20210418T123446404_20210418T123454404.fits'
 'ch2_cla_l1_20210418T123454404_20210418T123502404.fits'
 'ch2_cla_l1_20210418T123502404_20210418T123510404.fits'
 'ch2_cla_l1_20210418T123510404_20210418T123518404.fits'
 'ch2_cla_l1_20210418T123518404_20210418T123526404.fits'
 'ch2_cla_l1_20210418T123526404_20210418T123534404.fits'
 'ch2_cla_l1_20210418T123534404_20210418T123542404.fits'
 'ch2_cla_l1_20210418T123542404_20210418T123550404.fits'
 'ch2_cla_l1_20210418T123550404_20210418T123558404.fits'
 'ch2_cla_l1_20210418T123558404_20210418T123606404.fits'
 'ch2_cla_l1_20210418T123606404_20210418T123614404.fits'
 'ch2_cla_l1_20210418T123614404_20210418T123622404.fits'
 'ch2_cla_l1_20210418T123622404_20210418T123630404.fits'
 'ch2_cla_l1_20210418T123630404_20210418T123638404.fits'
 'ch2_cla_l1_20210418T123638404_20210418T123646404.fits'
 'ch2_cla_l1_20210418T123646404_20210418T123654404.fits']"
"['ch2_cla_l1_20210418T131906230_20210418T131914230.fits'
 'ch2_cla_l1_20210418T131914230_20210418T131922230.fits'
 'ch2_cla_l1_20210418T131922230_20210418T131930230.fits'
 'ch2_cla_l1_20210418T131930230_20210418T131938230.fits'
 'ch2_cla_l1_20210418T131938230_20210418T131946230.fits'
 'ch2_cla_l1_20210418T131946230_20210418T131954230.fits'
 'ch2_cla_l1_20210418T131954230_20210418T132002230.fits'
 'ch2_cla_l1_20210418T132002230_20210418T132010230.fits'
 'ch2_cla_l1_20210418T132010230_20210418T132018230.fits'
 'ch2_cla_l1_20210418T132018230_20210418T132026230.fits'
 'ch2_cla_l1_20210418T132026230_20210418T132034230.fits'
 'ch2_cla_l1_20210418T132034230_20210418T132042230.fits'
 'ch2_cla_l1_20210418T132042230_20210418T132050230.fits'
 'ch2_cla_l1_20210418T132050230_20210418T132058230.fits'
 'ch2_cla_l1_20210418T132058230_20210418T132106230.fits'
 'ch2_cla_l1_20210418T132106230_20210418T132114230.fits'
 'ch2_cla_l1_20210418T132114230_20210418T132122230.fits'
 'ch2_cla_l1_20210418T132122230_20210418T132130230.fits'
 'ch2_cla_l1_20210418T132130230_20210418T132138230.fits'
 'ch2_cla_l1_20210418T132138230_20210418T132146230.fits'
 'ch2_cla_l1_20210418T132146230_20210418T132154230.fits'
 'ch2_cla_l1_20210418T132154230_20210418T132202230.fits'
 'ch2_cla_l1_20210418T132202230_20210418T132210230.fits'
 'ch2_cla_l1_20210418T132210230_20210418T132218230.fits'
 'ch2_cla_l1_20210418T132218230_20210418T132226230.fits'
 'ch2_cla_l1_20210418T132226230_20210418T132234230.fits'
 'ch2_cla_l1_20210418T132234230_20210418T132242230.fits'
 'ch2_cla_l1_20210418T132242230_20210418T132250230.fits'
 'ch2_cla_l1_20210418T132250230_20210418T132258230.fits'
 'ch2_cla_l1_20210418T132258230_20210418T132306230.fits'
 'ch2_cla_l1_20210418T132306230_20210418T132314230.fits'
 'ch2_cla_l1_20210418T132314230_20210418T132322230.fits'
 'ch2_cla_l1_20210418T132322230_20210418T132330230.fits'
 'ch2_cla_l1_20210418T132330230_20210418T132338230.fits'
 'ch2_cla_l1_20210418T132338230_20210418T132346230.fits'
 'ch2_cla_l1_20210418T132346230_20210418T132354230.fits'
 'ch2_cla_l1_20210418T132354230_20210418T132402230.fits'
 'ch2_cla_l1_20210418T132402230_20210418T132410230.fits'
 'ch2_cla_l1_20210418T132410230_20210418T132418230.fits'
 'ch2_cla_l1_20210418T132418230_20210418T132426230.fits'
 'ch2_cla_l1_20210418T132426230_20210418T132434230.fits'
 'ch2_cla_l1_20210418T132434230_20210418T132442230.fits'
 'ch2_cla_l1_20210418T132442230_20210418T132450230.fits'
 'ch2_cla_l1_20210418T132450230_20210418T132458230.fits'
 'ch2_cla_l1_20210418T132458230_20210418T132506230.fits'
 'ch2_cla_l1_20210418T132506230_20210418T132514230.fits'
 'ch2_cla_l1_20210418T132514230_20210418T132522230.fits'
 'ch2_cla_l1_20210418T132522230_20210418T132530230.fits'
 'ch2_cla_l1_20210418T132530230_20210418T132538230.fits'
 'ch2_cla_l1_20210418T132538230_20210418T132546230.fits'
 'ch2_cla_l1_20210418T132546230_20210418T132554230.fits'
 'ch2_cla_l1_20210418T132554230_20210418T132602230.fits'
 'ch2_cla_l1_20210418T132602230_20210418T132610230.fits'
 'ch2_cla_l1_20210418T132610230_20210418T132618230.fits'
 'ch2_cla_l1_20210418T132618230_20210418T132626230.fits'
 'ch2_cla_l1_20210418T132626230_20210418T132634230.fits'
 'ch2_cla_l1_20210418T132634230_20210418T132642230.fits'
 'ch2_cla_l1_20210418T132642230_20210418T132650230.fits'
 'ch2_cla_l1_20210418T132650230_20210418T132658230.fits'
 'ch2_cla_l1_20210418T132658230_20210418T132706230.fits'
 'ch2_cla_l1_20210418T132706230_20210418T132714230.fits'
 'ch2_cla_l1_20210418T132714230_20210418T132722230.fits'
 'ch2_cla_l1_20210418T132722230_20210418T132730230.fits'
 'ch2_cla_l1_20210418T132730230_20210418T132738230.fits'
 'ch2_cla_l1_20210418T132738230_20210418T132746230.fits'
 'ch2_cla_l1_20210418T132746230_20210418T132754230.fits'
 'ch2_cla_l1_20210418T132754230_20210418T132802230.fits'
 'ch2_cla_l1_20210418T132802230_20210418T132810230.fits'
 'ch2_cla_l1_20210418T132810230_20210418T132818230.fits'
 'ch2_cla_l1_20210418T132818230_20210418T132826230.fits'
 'ch2_cla_l1_20210418T132826230_20210418T132834230.fits'
 'ch2_cla_l1_20210418T132834230_20210418T132842230.fits'
 'ch2_cla_l1_20210418T132842230_20210418T132850230.fits'
 'ch2_cla_l1_20210418T132850230_20210418T132858230.fits'
 'ch2_cla_l1_20210418T132858230_20210418T132906230.fits'
 'ch2_cla_l1_20210418T132906230_20210418T132914230.fits'
 'ch2_cla_l1_20210418T132914230_20210418T132922230.fits'
 'ch2_cla_l1_20210418T132922230_20210418T132930230.fits'
 'ch2_cla_l1_20210418T132930230_20210418T132938230.fits'
 'ch2_cla_l1_20210418T132938230_20210418T132946230.fits'
 'ch2_cla_l1_20210418T132946230_20210418T132954230.fits'
 'ch2_cla_l1_20210418T132954230_20210418T133002230.fits'
 'ch2_cla_l1_20210418T133002230_20210418T133010230.fits'
 'ch2_cla_l1_20210418T133010230_20210418T133018230.fits'
 'ch2_cla_l1_20210418T133018230_20210418T133026230.fits'
 'ch2_cla_l1_20210418T133026230_20210418T133034230.fits'
 'ch2_cla_l1_20210418T133034230_20210418T133042230.fits'
 'ch2_cla_l1_20210418T133042230_20210418T133050230.fits'
 'ch2_cla_l1_20210418T133050230_20210418T133058230.fits'
 'ch2_cla_l1_20210418T133058230_20210418T133106230.fits'
 'ch2_cla_l1_20210418T133106230_20210418T133114230.fits'
 'ch2_cla_l1_20210418T133114230_20210418T133122230.fits'
 'ch2_cla_l1_20210418T133122230_20210418T133130230.fits'
 'ch2_cla_l1_20210418T133130230_20210418T133138230.fits'
 'ch2_cla_l1_20210418T133138230_20210418T133146230.fits'
 'ch2_cla_l1_20210418T133146230_20210418T133154230.fits'
 'ch2_cla_l1_20210418T133154230_20210418T133202230.fits'
 'ch2_cla_l1_20210418T133202230_20210418T133210230.fits'
 'ch2_cla_l1_20210418T133210230_20210418T133218230.fits'
 'ch2_cla_l1_20210418T133218230_20210418T133226230.fits'
 'ch2_cla_l1_20210418T133226230_20210418T133234230.fits'
 'ch2_cla_l1_20210418T133234230_20210418T133242230.fits'
 'ch2_cla_l1_20210418T133242230_20210418T133250230.fits'
 'ch2_cla_l1_20210418T133250230_20210418T133258230.fits'
 'ch2_cla_l1_20210418T133258230_20210418T133306230.fits'
 'ch2_cla_l1_20210418T133306230_20210418T133314230.fits'
 'ch2_cla_l1_20210418T133314230_20210418T133322230.fits'
 'ch2_cla_l1_20210418T133322230_20210418T133330230.fits'
 'ch2_cla_l1_20210418T133330230_20210418T133338230.fits'
 'ch2_cla_l1_20210418T133338230_20210418T133346230.fits'
 'ch2_cla_l1_20210418T133346230_20210418T133354230.fits'
 'ch2_cla_l1_20210418T133354230_20210418T133402230.fits'
 'ch2_cla_l1_20210418T133402230_20210418T133410230.fits'
 'ch2_cla_l1_20210418T133410230_20210418T133418230.fits'
 'ch2_cla_l1_20210418T133418230_20210418T133426230.fits'
 'ch2_cla_l1_20210418T133426230_20210418T133434230.fits'
 'ch2_cla_l1_20210418T133434230_20210418T133442230.fits'
 'ch2_cla_l1_20210418T133442230_20210418T133450230.fits'
 'ch2_cla_l1_20210418T133450230_20210418T133458230.fits'
 'ch2_cla_l1_20210418T133458230_20210418T133506230.fits'
 'ch2_cla_l1_20210418T133506230_20210418T133514230.fits'
 'ch2_cla_l1_20210418T133514230_20210418T133522230.fits'
 'ch2_cla_l1_20210418T133522230_20210418T133530230.fits'
 'ch2_cla_l1_20210418T133530230_20210418T133538230.fits'
 'ch2_cla_l1_20210418T133538230_20210418T133546230.fits'
 'ch2_cla_l1_20210418T133546230_20210418T133554230.fits'
 'ch2_cla_l1_20210418T133554230_20210418T133602230.fits'
 'ch2_cla_l1_20210418T133602230_20210418T133610230.fits'
 'ch2_cla_l1_20210418T133610230_20210418T133618230.fits'
 'ch2_cla_l1_20210418T133618230_20210418T133626230.fits'
 'ch2_cla_l1_20210418T133626230_20210418T133634230.fits'
 'ch2_cla_l1_20210418T133634230_20210418T133642230.fits'
 'ch2_cla_l1_20210418T133642230_20210418T133650230.fits'
 'ch2_cla_l1_20210418T133650230_20210418T133658230.fits'
 'ch2_cla_l1_20210418T133658230_20210418T133706230.fits'
 'ch2_cla_l1_20210418T133706230_20210418T133714230.fits'
 'ch2_cla_l1_20210418T133714230_20210418T133722230.fits'
 'ch2_cla_l1_20210418T133722230_20210418T133730230.fits'
 'ch2_cla_l1_20210418T133730230_20210418T133738230.fits'
 'ch2_cla_l1_20210418T133738230_20210418T133746230.fits'
 'ch2_cla_l1_20210418T133746230_20210418T133754230.fits'
 'ch2_cla_l1_20210418T133754230_20210418T133802230.fits'
 'ch2_cla_l1_20210418T133802230_20210418T133810230.fits'
 'ch2_cla_l1_20210418T133810230_20210418T133818230.fits'
 'ch2_cla_l1_20210418T133818230_20210418T133826230.fits'
 'ch2_cla_l1_20210418T133826230_20210418T133834230.fits'
 'ch2_cla_l1_20210418T133834230_20210418T133842230.fits'
 'ch2_cla_l1_20210418T133842230_20210418T133850230.fits'
 'ch2_cla_l1_20210418T133850230_20210418T133858230.fits'
 'ch2_cla_l1_20210418T133858230_20210418T133906230.fits'
 'ch2_cla_l1_20210418T133906230_20210418T133914230.fits'
 'ch2_cla_l1_20210418T133914230_20210418T133922230.fits'
 'ch2_cla_l1_20210418T133922230_20210418T133930230.fits'
 'ch2_cla_l1_20210418T133930230_20210418T133938230.fits'
 'ch2_cla_l1_20210418T133938230_20210418T133946230.fits'
 'ch2_cla_l1_20210418T133946230_20210418T133954230.fits'
 'ch2_cla_l1_20210418T133954230_20210418T134002230.fits'
 'ch2_cla_l1_20210418T134002230_20210418T134010230.fits'
 'ch2_cla_l1_20210418T134010230_20210418T134018230.fits'
 'ch2_cla_l1_20210418T134018230_20210418T134026230.fits'
 'ch2_cla_l1_20210418T134026230_20210418T134034230.fits'
 'ch2_cla_l1_20210418T134034230_20210418T134042230.fits'
 'ch2_cla_l1_20210418T134042230_20210418T134050230.fits'
 'ch2_cla_l1_20210418T134050230_20210418T134058230.fits'
 'ch2_cla_l1_20210418T134058230_20210418T134106230.fits'
 'ch2_cla_l1_20210418T134106230_20210418T134114230.fits'
 'ch2_cla_l1_20210418T134114230_20210418T134122230.fits'
 'ch2_cla_l1_20210418T134122230_20210418T134130230.fits'
 'ch2_cla_l1_20210418T134130230_20210418T134138230.fits'
 'ch2_cla_l1_20210418T134138230_20210418T134146230.fits'
 'ch2_cla_l1_20210418T134146230_20210418T134154230.fits'
 'ch2_cla_l1_20210418T134154230_20210418T134202230.fits'
 'ch2_cla_l1_20210418T134202230_20210418T134210230.fits'
 'ch2_cla_l1_20210418T134210230_20210418T134218230.fits'
 'ch2_cla_l1_20210418T134218230_20210418T134226230.fits'
 'ch2_cla_l1_20210418T134226230_20210418T134234230.fits'
 'ch2_cla_l1_20210418T134234230_20210418T134242230.fits'
 'ch2_cla_l1_20210418T134242230_20210418T134250230.fits'
 'ch2_cla_l1_20210418T134250230_20210418T134258230.fits'
 'ch2_cla_l1_20210418T134258230_20210418T134306230.fits'
 'ch2_cla_l1_20210418T134306230_20210418T134314230.fits'
 'ch2_cla_l1_20210418T134314230_20210418T134322230.fits'
 'ch2_cla_l1_20210418T134322230_20210418T134330230.fits'
 'ch2_cla_l1_20210418T134330230_20210418T134338230.fits'
 'ch2_cla_l1_20210418T134338230_20210418T134346230.fits'
 'ch2_cla_l1_20210418T134346230_20210418T134354230.fits'
 'ch2_cla_l1_20210418T134354230_20210418T134402230.fits'
 'ch2_cla_l1_20210418T134402230_20210418T134410230.fits'
 'ch2_cla_l1_20210418T134410230_20210418T134418230.fits'
 'ch2_cla_l1_20210418T134418230_20210418T134426230.fits'
 'ch2_cla_l1_20210418T134426230_20210418T134434230.fits'
 'ch2_cla_l1_20210418T134434230_20210418T134442230.fits'
 'ch2_cla_l1_20210418T134442230_20210418T134450230.fits'
 'ch2_cla_l1_20210418T134450230_20210418T134458230.fits'
 'ch2_cla_l1_20210418T134458230_20210418T134506230.fits'
 'ch2_cla_l1_20210418T134506230_20210418T134514230.fits'
 'ch2_cla_l1_20210418T134514230_20210418T134522230.fits'
 'ch2_cla_l1_20210418T134522230_20210418T134530230.fits'
 'ch2_cla_l1_20210418T134530230_20210418T134538230.fits'
 'ch2_cla_l1_20210418T134538230_20210418T134546230.fits'
 'ch2_cla_l1_20210418T134546230_20210418T134554230.fits'
 'ch2_cla_l1_20210418T134554230_20210418T134602230.fits'
 'ch2_cla_l1_20210418T134602230_20210418T134610230.fits'
 'ch2_cla_l1_20210418T134610230_20210418T134618230.fits'
 'ch2_cla_l1_20210418T134618230_20210418T134626230.fits'
 'ch2_cla_l1_20210418T134626230_20210418T134634230.fits'
 'ch2_cla_l1_20210418T134634230_20210418T134642230.fits'
 'ch2_cla_l1_20210418T134642230_20210418T134650230.fits'
 'ch2_cla_l1_20210418T134650230_20210418T134658230.fits'
 'ch2_cla_l1_20210418T134658230_20210418T134706230.fits'
 'ch2_cla_l1_20210418T134706230_20210418T134714230.fits'
 'ch2_cla_l1_20210418T134714230_20210418T134722230.fits'
 'ch2_cla_l1_20210418T134722230_20210418T134730230.fits'
 'ch2_cla_l1_20210418T134730230_20210418T134738230.fits'
 'ch2_cla_l1_20210418T134738230_20210418T134746230.fits'
 'ch2_cla_l1_20210418T134746230_20210418T134754230.fits'
 'ch2_cla_l1_20210418T134754230_20210418T134802230.fits'
 'ch2_cla_l1_20210418T134802230_20210418T134810230.fits'
 'ch2_cla_l1_20210418T134810230_20210418T134818230.fits'
 'ch2_cla_l1_20210418T134818230_20210418T134826230.fits'
 'ch2_cla_l1_20210418T134826230_20210418T134834230.fits'
 'ch2_cla_l1_20210418T134834230_20210418T134842230.fits'
 'ch2_cla_l1_20210418T134842230_20210418T134850230.fits'
 'ch2_cla_l1_20210418T134850230_20210418T134858230.fits'
 'ch2_cla_l1_20210418T134858230_20210418T134906230.fits'
 'ch2_cla_l1_20210418T134906230_20210418T134914230.fits'
 'ch2_cla_l1_20210418T134914230_20210418T134922230.fits'
 'ch2_cla_l1_20210418T134922230_20210418T134930230.fits'
 'ch2_cla_l1_20210418T134930230_20210418T134938230.fits'
 'ch2_cla_l1_20210418T134938230_20210418T134946230.fits'
 'ch2_cla_l1_20210418T134946230_20210418T134954230.fits'
 'ch2_cla_l1_20210418T134954230_20210418T135002230.fits'
 'ch2_cla_l1_20210418T135002230_20210418T135010230.fits'
 'ch2_cla_l1_20210418T135010230_20210418T135018230.fits'
 'ch2_cla_l1_20210418T135018230_20210418T135026230.fits'
 'ch2_cla_l1_20210418T135026230_20210418T135034230.fits'
 'ch2_cla_l1_20210418T135034230_20210418T135042230.fits'
 'ch2_cla_l1_20210418T135042230_20210418T135050230.fits'
 'ch2_cla_l1_20210418T135050230_20210418T135058230.fits'
 'ch2_cla_l1_20210418T135058230_20210418T135106230.fits'
 'ch2_cla_l1_20210418T135106230_20210418T135114230.fits'
 'ch2_cla_l1_20210418T135114230_20210418T135122230.fits'
 'ch2_cla_l1_20210418T135122230_20210418T135130230.fits'
 'ch2_cla_l1_20210418T135130230_20210418T135138230.fits'
 'ch2_cla_l1_20210418T135138230_20210418T135146230.fits'
 'ch2_cla_l1_20210418T135146230_20210418T135154230.fits'
 'ch2_cla_l1_20210418T135154230_20210418T135202230.fits'
 'ch2_cla_l1_20210418T135202230_20210418T135210230.fits'
 'ch2_cla_l1_20210418T135210230_20210418T135218230.fits'
 'ch2_cla_l1_20210418T135218230_20210418T135226230.fits'
 'ch2_cla_l1_20210418T135226230_20210418T135234230.fits'
 'ch2_cla_l1_20210418T135234230_20210418T135242230.fits'
 'ch2_cla_l1_20210418T135242230_20210418T135250230.fits'
 'ch2_cla_l1_20210418T135250230_20210418T135258230.fits'
 'ch2_cla_l1_20210418T135258230_20210418T135306230.fits'
 'ch2_cla_l1_20210418T135306230_20210418T135314230.fits'
 'ch2_cla_l1_20210418T135314230_20210418T135322230.fits'
 'ch2_cla_l1_20210418T135322230_20210418T135330230.fits'
 'ch2_cla_l1_20210418T135330230_20210418T135338230.fits'
 'ch2_cla_l1_20210418T135338230_20210418T135346230.fits'
 'ch2_cla_l1_20210418T135346230_20210418T135354230.fits'
 'ch2_cla_l1_20210418T135354230_20210418T135402230.fits'
 'ch2_cla_l1_20210418T135402230_20210418T135410230.fits'
 'ch2_cla_l1_20210418T135410230_20210418T135418230.fits'
 'ch2_cla_l1_20210418T135418230_20210418T135426230.fits'
 'ch2_cla_l1_20210418T135426230_20210418T135434230.fits'
 'ch2_cla_l1_20210418T135434230_20210418T135442230.fits'
 'ch2_cla_l1_20210418T135442230_20210418T135450230.fits'
 'ch2_cla_l1_20210418T135450230_20210418T135458230.fits'
 'ch2_cla_l1_20210418T135458230_20210418T135506230.fits'
 'ch2_cla_l1_20210418T135506230_20210418T135514230.fits'
 'ch2_cla_l1_20210418T135514230_20210418T135522230.fits'
 'ch2_cla_l1_20210418T135522230_20210418T135530230.fits'
 'ch2_cla_l1_20210418T135530230_20210418T135538230.fits'
 'ch2_cla_l1_20210418T135538230_20210418T135546230.fits'
 'ch2_cla_l1_20210418T135546230_20210418T135554230.fits'
 'ch2_cla_l1_20210418T135554230_20210418T135602230.fits'
 'ch2_cla_l1_20210418T135602230_20210418T135610230.fits'
 'ch2_cla_l1_20210418T135610230_20210418T135618230.fits'
 'ch2_cla_l1_20210418T135618230_20210418T135626230.fits'
 'ch2_cla_l1_20210418T135626230_20210418T135634230.fits'
 'ch2_cla_l1_20210418T135634230_20210418T135642230.fits'
 'ch2_cla_l1_20210418T135642230_20210418T135650230.fits'
 'ch2_cla_l1_20210418T135650230_20210418T135658230.fits'
 'ch2_cla_l1_20210418T135658230_20210418T135706230.fits'
 'ch2_cla_l1_20210418T135706230_20210418T135714230.fits'
 'ch2_cla_l1_20210418T135714230_20210418T135722230.fits'
 'ch2_cla_l1_20210418T135722230_20210418T135730230.fits'
 'ch2_cla_l1_20210418T135730230_20210418T135738230.fits'
 'ch2_cla_l1_20210418T135738230_20210418T135746230.fits'
 'ch2_cla_l1_20210418T135746230_20210418T135754230.fits'
 'ch2_cla_l1_20210418T135754230_20210418T135802230.fits'
 'ch2_cla_l1_20210418T135802230_20210418T135810230.fits'
 'ch2_cla_l1_20210418T135810230_20210418T135818230.fits'
 'ch2_cla_l1_20210418T135818230_20210418T135826230.fits'
 'ch2_cla_l1_20210418T135826230_20210418T135834230.fits'
 'ch2_cla_l1_20210418T135834230_20210418T135842230.fits'
 'ch2_cla_l1_20210418T135842230_20210418T135850230.fits'
 'ch2_cla_l1_20210418T135850230_20210418T135858230.fits'
 'ch2_cla_l1_20210418T135858230_20210418T135906230.fits'
 'ch2_cla_l1_20210418T135906230_20210418T135914230.fits'
 'ch2_cla_l1_20210418T135914230_20210418T135922230.fits'
 'ch2_cla_l1_20210418T135922230_20210418T135930230.fits'
 'ch2_cla_l1_20210418T135930230_20210418T135938230.fits'
 'ch2_cla_l1_20210418T135938230_20210418T135946230.fits'
 'ch2_cla_l1_20210418T135946230_20210418T135954230.fits'
 'ch2_cla_l1_20210418T135954230_20210418T140002230.fits'
 'ch2_cla_l1_20210418T140002230_20210418T140010230.fits'
 'ch2_cla_l1_20210418T140010230_20210418T140018230.fits'
 'ch2_cla_l1_20210418T140018230_20210418T140026230.fits'
 'ch2_cla_l1_20210418T140026230_20210418T140034230.fits'
 'ch2_cla_l1_20210418T140034230_20210418T140042230.fits'
 'ch2_cla_l1_20210418T140042230_20210418T140050230.fits'
 'ch2_cla_l1_20210418T140050230_20210418T140058230.fits'
 'ch2_cla_l1_20210418T140058230_20210418T140106230.fits'
 'ch2_cla_l1_20210418T140106230_20210418T140114230.fits'
 'ch2_cla_l1_20210418T140114230_20210418T140122230.fits'
 'ch2_cla_l1_20210418T140122230_20210418T140130230.fits'
 'ch2_cla_l1_20210418T140130230_20210418T140138230.fits'
 'ch2_cla_l1_20210418T140138230_20210418T140146230.fits'
 'ch2_cla_l1_20210418T140146230_20210418T140154230.fits'
 'ch2_cla_l1_20210418T140154230_20210418T140202230.fits'
 'ch2_cla_l1_20210418T140202230_20210418T140210230.fits'
 'ch2_cla_l1_20210418T140210230_20210418T140218230.fits'
 'ch2_cla_l1_20210418T140218230_20210418T140226230.fits'
 'ch2_cla_l1_20210418T140226230_20210418T140234230.fits'
 'ch2_cla_l1_20210418T140234230_20210418T140242230.fits'
 'ch2_cla_l1_20210418T140242230_20210418T140250230.fits'
 'ch2_cla_l1_20210418T140250230_20210418T140258230.fits'
 'ch2_cla_l1_20210418T140258230_20210418T140306230.fits'
 'ch2_cla_l1_20210418T140306230_20210418T140314230.fits'
 'ch2_cla_l1_20210418T140314230_20210418T140322230.fits'
 'ch2_cla_l1_20210418T140322230_20210418T140330230.fits'
 'ch2_cla_l1_20210418T140330230_20210418T140338230.fits'
 'ch2_cla_l1_20210418T140338230_20210418T140346230.fits'
 'ch2_cla_l1_20210418T140346230_20210418T140354230.fits'
 'ch2_cla_l1_20210418T140354230_20210418T140402230.fits'
 'ch2_cla_l1_20210418T140402230_20210418T140410230.fits'
 'ch2_cla_l1_20210418T140410230_20210418T140418230.fits'
 'ch2_cla_l1_20210418T140418230_20210418T140426230.fits'
 'ch2_cla_l1_20210418T140426230_20210418T140434230.fits'
 'ch2_cla_l1_20210418T140434230_20210418T140442230.fits'
 'ch2_cla_l1_20210418T140442230_20210418T140450230.fits'
 'ch2_cla_l1_20210418T140450230_20210418T140458230.fits'
 'ch2_cla_l1_20210418T140458230_20210418T140506230.fits'
 'ch2_cla_l1_20210418T140506230_20210418T140514230.fits'
 'ch2_cla_l1_20210418T140514230_20210418T140522230.fits'
 'ch2_cla_l1_20210418T140522230_20210418T140530230.fits'
 'ch2_cla_l1_20210418T140530230_20210418T140538230.fits'
 'ch2_cla_l1_20210418T140538230_20210418T140546230.fits'
 'ch2_cla_l1_20210418T140546230_20210418T140554230.fits'
 'ch2_cla_l1_20210418T140554230_20210418T140602230.fits'
 'ch2_cla_l1_20210418T140602230_20210418T140610230.fits'
 'ch2_cla_l1_20210418T140610230_20210418T140618230.fits'
 'ch2_cla_l1_20210418T140618230_20210418T140626230.fits'
 'ch2_cla_l1_20210418T140626230_20210418T140634230.fits'
 'ch2_cla_l1_20210418T140634230_20210418T140642230.fits'
 'ch2_cla_l1_20210418T140642230_20210418T140650230.fits'
 'ch2_cla_l1_20210418T140650230_20210418T140658230.fits'
 'ch2_cla_l1_20210418T140658230_20210418T140706230.fits'
 'ch2_cla_l1_20210418T140706230_20210418T140714230.fits'
 'ch2_cla_l1_20210418T140714230_20210418T140722230.fits'
 'ch2_cla_l1_20210418T140722230_20210418T140730230.fits'
 'ch2_cla_l1_20210418T140730230_20210418T140738230.fits'
 'ch2_cla_l1_20210418T140738230_20210418T140746230.fits'
 'ch2_cla_l1_20210418T140746230_20210418T140754230.fits'
 'ch2_cla_l1_20210418T140754230_20210418T140802230.fits'
 'ch2_cla_l1_20210418T140802230_20210418T140810230.fits'
 'ch2_cla_l1_20210418T140810230_20210418T140818230.fits'
 'ch2_cla_l1_20210418T140818230_20210418T140826230.fits'
 'ch2_cla_l1_20210418T140826230_20210418T140834230.fits'
 'ch2_cla_l1_20210418T140834230_20210418T140842230.fits'
 'ch2_cla_l1_20210418T140842230_20210418T140850230.fits'
 'ch2_cla_l1_20210418T140850230_20210418T140858230.fits'
 'ch2_cla_l1_20210418T140858230_20210418T140906230.fits'
 'ch2_cla_l1_20210418T140906230_20210418T140914230.fits'
 'ch2_cla_l1_20210418T140914230_20210418T140922230.fits'
 'ch2_cla_l1_20210418T140922230_20210418T140930230.fits'
 'ch2_cla_l1_20210418T140930230_20210418T140938230.fits'
 'ch2_cla_l1_20210418T140938230_20210418T140946230.fits'
 'ch2_cla_l1_20210418T140946230_20210418T140954230.fits'
 'ch2_cla_l1_20210418T140954230_20210418T141002230.fits'
 'ch2_cla_l1_20210418T141002230_20210418T141010230.fits'
 'ch2_cla_l1_20210418T141010230_20210418T141018230.fits'
 'ch2_cla_l1_20210418T141018230_20210418T141026230.fits'
 'ch2_cla_l1_20210418T141026230_20210418T141034230.fits'
 'ch2_cla_l1_20210418T141034230_20210418T141042230.fits'
 'ch2_cla_l1_20210418T141042230_20210418T141050230.fits'
 'ch2_cla_l1_20210418T141050230_20210418T141058230.fits'
 'ch2_cla_l1_20210418T141058230_20210418T141106230.fits'
 'ch2_cla_l1_20210418T141106230_20210418T141114230.fits'
 'ch2_cla_l1_20210418T141114230_20210418T141122230.fits'
 'ch2_cla_l1_20210418T141122230_20210418T141130230.fits'
 'ch2_cla_l1_20210418T141130230_20210418T141138230.fits'
 'ch2_cla_l1_20210418T141138230_20210418T141146230.fits'
 'ch2_cla_l1_20210418T141146230_20210418T141154230.fits'
 'ch2_cla_l1_20210418T141154230_20210418T141202230.fits'
 'ch2_cla_l1_20210418T141202230_20210418T141210230.fits'
 'ch2_cla_l1_20210418T141210230_20210418T141218230.fits'
 'ch2_cla_l1_20210418T141218230_20210418T141226230.fits'
 'ch2_cla_l1_20210418T141226230_20210418T141234230.fits'
 'ch2_cla_l1_20210418T141234230_20210418T141242230.fits'
 'ch2_cla_l1_20210418T141242230_20210418T141250230.fits'
 'ch2_cla_l1_20210418T141250230_20210418T141258230.fits'
 'ch2_cla_l1_20210418T141258230_20210418T141306230.fits'
 'ch2_cla_l1_20210418T141306230_20210418T141314230.fits'
 'ch2_cla_l1_20210418T141314230_20210418T141322230.fits'
 'ch2_cla_l1_20210418T141322230_20210418T141330230.fits'
 'ch2_cla_l1_20210418T141330230_20210418T141338230.fits'
 'ch2_cla_l1_20210418T141338230_20210418T141346230.fits'
 'ch2_cla_l1_20210418T141346230_20210418T141354230.fits'
 'ch2_cla_l1_20210418T141354230_20210418T141402230.fits'
 'ch2_cla_l1_20210418T141402230_20210418T141410230.fits'
 'ch2_cla_l1_20210418T141410230_20210418T141418230.fits'
 'ch2_cla_l1_20210418T141418230_20210418T141426230.fits'
 'ch2_cla_l1_20210418T141426230_20210418T141434230.fits'
 'ch2_cla_l1_20210418T141434230_20210418T141442230.fits'
 'ch2_cla_l1_20210418T141442230_20210418T141450230.fits'
 'ch2_cla_l1_20210418T141450230_20210418T141458230.fits'
 'ch2_cla_l1_20210418T141458230_20210418T141506230.fits'
 'ch2_cla_l1_20210418T141506230_20210418T141514230.fits'
 'ch2_cla_l1_20210418T141514230_20210418T141522230.fits'
 'ch2_cla_l1_20210418T141522230_20210418T141530230.fits'
 'ch2_cla_l1_20210418T141530230_20210418T141538230.fits'
 'ch2_cla_l1_20210418T141538230_20210418T141546230.fits'
 'ch2_cla_l1_20210418T141546230_20210418T141554230.fits'
 'ch2_cla_l1_20210418T141554230_20210418T141602230.fits'
 'ch2_cla_l1_20210418T141602230_20210418T141610230.fits'
 'ch2_cla_l1_20210418T141610230_20210418T141618230.fits'
 'ch2_cla_l1_20210418T141618230_20210418T141626230.fits'
 'ch2_cla_l1_20210418T141626230_20210418T141634230.fits'
 'ch2_cla_l1_20210418T141634230_20210418T141642230.fits'
 'ch2_cla_l1_20210418T141642230_20210418T141650230.fits'
 'ch2_cla_l1_20210418T141650230_20210418T141658230.fits'
 'ch2_cla_l1_20210418T141658230_20210418T141706230.fits'
 'ch2_cla_l1_20210418T141706230_20210418T141714230.fits'
 'ch2_cla_l1_20210418T141714230_20210418T141722230.fits'
 'ch2_cla_l1_20210418T141722230_20210418T141730230.fits'
 'ch2_cla_l1_20210418T141730230_20210418T141738230.fits'
 'ch2_cla_l1_20210418T141738230_20210418T141746230.fits'
 'ch2_cla_l1_20210418T141746230_20210418T141754230.fits'
 'ch2_cla_l1_20210418T141754230_20210418T141802230.fits'
 'ch2_cla_l1_20210418T141802230_20210418T141810230.fits'
 'ch2_cla_l1_20210418T141810230_20210418T141818230.fits'
 'ch2_cla_l1_20210418T141818230_20210418T141826230.fits'
 'ch2_cla_l1_20210418T141826230_20210418T141834230.fits']","['ch2_cla_l1_20210418T123654404_20210418T123659780.fits'
 'ch2_cla_l1_20210418T130322230_20210418T130330230.fits'
 'ch2_cla_l1_20210418T130330230_20210418T130338230.fits'
 'ch2_cla_l1_20210418T130338230_20210418T130346230.fits'
 'ch2_cla_l1_20210418T130346230_20210418T130354230.fits'
 'ch2_cla_l1_20210418T130354230_20210418T130402230.fits'
 'ch2_cla_l1_20210418T130402230_20210418T130410230.fits'
 'ch2_cla_l1_20210418T130410230_20210418T130418230.fits'
 'ch2_cla_l1_20210418T130418230_20210418T130426230.fits'
 'ch2_cla_l1_20210418T130426230_20210418T130434230.fits'
 'ch2_cla_l1_20210418T130434230_20210418T130442230.fits'
 'ch2_cla_l1_20210418T130442230_20210418T130450230.fits'
 'ch2_cla_l1_20210418T130450230_20210418T130458230.fits'
 'ch2_cla_l1_20210418T130458230_20210418T130506230.fits'
 'ch2_cla_l1_20210418T130506230_20210418T130514230.fits'
 'ch2_cla_l1_20210418T130514230_20210418T130522230.fits'
 'ch2_cla_l1_20210418T130522230_20210418T130530230.fits'
 'ch2_cla_l1_20210418T130530230_20210418T130538230.fits'
 'ch2_cla_l1_20210418T130538230_20210418T130546230.fits'
 'ch2_cla_l1_20210418T130546230_20210418T130554230.fits'
 'ch2_cla_l1_20210418T130554230_20210418T130602230.fits'
 'ch2_cla_l1_20210418T130602230_20210418T130610230.fits'
 'ch2_cla_l1_20210418T130610230_20210418T130618230.fits'
 'ch2_cla_l1_20210418T130618230_20210418T130626230.fits'
 'ch2_cla_l1_20210418T130626230_20210418T130634230.fits'
 'ch2_cla_l1_20210418T130634230_20210418T130642230.fits'
 'ch2_cla_l1_20210418T130642230_20210418T130650230.fits'
 'ch2_cla_l1_20210418T130650230_20210418T130658230.fits'
 'ch2_cla_l1_20210418T130658230_20210418T130706230.fits'
 'ch2_cla_l1_20210418T130706230_20210418T130714230.fits'
 'ch2_cla_l1_20210418T130714230_20210418T130722230.fits'
 'ch2_cla_l1_20210418T130722230_20210418T130730230.fits'
 'ch2_cla_l1_20210418T130730230_20210418T130738230.fits'
 'ch2_cla_l1_20210418T130738230_20210418T130746230.fits'
 'ch2_cla_l1_20210418T130746230_20210418T130754230.fits'
 'ch2_cla_l1_20210418T130754230_20210418T130802230.fits'
 'ch2_cla_l1_20210418T130802230_20210418T130810230.fits'
 'ch2_cla_l1_20210418T130810230_20210418T130818230.fits'
 'ch2_cla_l1_20210418T130818230_20210418T130826230.fits'
 'ch2_cla_l1_20210418T130826230_20210418T130834230.fits'
 'ch2_cla_l1_20210418T130834230_20210418T130842230.fits'
 'ch2_cla_l1_20210418T130842230_20210418T130850230.fits'
 'ch2_cla_l1_20210418T130850230_20210418T130858230.fits'
 'ch2_cla_l1_20210418T130858230_20210418T130906230.fits'
 'ch2_cla_l1_20210418T130906230_20210418T130914230.fits'
 'ch2_cla_l1_20210418T130914230_20210418T130922230.fits'
 'ch2_cla_l1_20210418T130922230_20210418T130930230.fits'
 'ch2_cla_l1_20210418T130930230_20210418T130938230.fits'
 'ch2_cla_l1_20210418T130938230_20210418T130946230.fits'
 'ch2_cla_l1_20210418T130946230_20210418T130954230.fits'
 'ch2_cla_l1_20210418T130954230_20210418T131002230.fits'
 'ch2_cla_l1_20210418T131002230_20210418T131010230.fits'
 'ch2_cla_l1_20210418T131010230_20210418T131018230.fits'
 'ch2_cla_l1_20210418T131018230_20210418T131026230.fits'
 'ch2_cla_l1_20210418T131026230_20210418T131034230.fits'
 'ch2_cla_l1_20210418T131034230_20210418T131042230.fits'
 'ch2_cla_l1_20210418T131042230_20210418T131050230.fits'
 'ch2_cla_l1_20210418T131050230_20210418T131058230.fits'
 'ch2_cla_l1_20210418T131058230_20210418T131106230.fits'
 'ch2_cla_l1_20210418T131106230_20210418T131114230.fits'
 'ch2_cla_l1_20210418T131114230_20210418T131122230.fits'
 'ch2_cla_l1_20210418T131122230_20210418T131130230.fits'
 'ch2_cla_l1_20210418T131130230_20210418T131138230.fits'
 'ch2_cla_l1_20210418T131138230_20210418T131146230.fits'
 'ch2_cla_l1_20210418T131146230_20210418T131154230.fits'
 'ch2_cla_l1_20210418T131154230_20210418T131202230.fits'
 'ch2_cla_l1_20210418T131202230_20210418T131210230.fits'
 'ch2_cla_l1_20210418T131210230_20210418T131218230.fits'
 'ch2_cla_l1_20210418T131218230_20210418T131226230.fits'
 'ch2_cla_l1_20210418T131226230_20210418T131234230.fits'
 'ch2_cla_l1_20210418T131234230_20210418T131242230.fits'
 'ch2_cla_l1_20210418T131242230_20210418T131250230.fits'
 'ch2_cla_l1_20210418T131250230_20210418T131258230.fits'
 'ch2_cla_l1_20210418T131258230_20210418T131306230.fits'
 'ch2_cla_l1_20210418T131306230_20210418T131314230.fits'
 'ch2_cla_l1_20210418T131314230_20210418T131322230.fits'
 'ch2_cla_l1_20210418T131322230_20210418T131330230.fits'
 'ch2_cla_l1_20210418T131330230_20210418T131338230.fits'
 'ch2_cla_l1_20210418T131338230_20210418T131346230.fits'
 'ch2_cla_l1_20210418T131346230_20210418T131354230.fits'
 'ch2_cla_l1_20210418T131354230_20210418T131402230.fits'
 'ch2_cla_l1_20210418T131402230_20210418T131410230.fits'
 'ch2_cla_l1_20210418T131410230_20210418T131418230.fits'
 'ch2_cla_l1_20210418T131418230_20210418T131426230.fits'
 'ch2_cla_l1_20210418T131426230_20210418T131434230.fits'
 'ch2_cla_l1_20210418T131434230_20210418T131442230.fits'
 'ch2_cla_l1_20210418T131442230_20210418T131450230.fits'
 'ch2_cla_l1_20210418T131450230_20210418T131458230.fits'
 'ch2_cla_l1_20210418T131458230_20210418T131506230.fits'
 'ch2_cla_l1_20210418T131506230_20210418T131514230.fits'
 'ch2_cla_l1_20210418T131514230_20210418T131522230.fits'
 'ch2_cla_l1_20210418T131522230_20210418T131530230.fits'
 'ch2_cla_l1_20210418T131530230_20210418T131538230.fits'
 'ch2_cla_l1_20210418T131538230_20210418T131546230.fits'
 'ch2_cla_l1_20210418T131546230_20210418T131554230.fits'
 'ch2_cla_l1_20210418T131554230_20210418T131602230.fits'
 'ch2_cla_l1_20210418T131602230_20210418T131610230.fits'
 'ch2_cla_l1_20210418T131610230_20210418T131618230.fits'
 'ch2_cla_l1_20210418T131618230_20210418T131626230.fits'
 'ch2_cla_l1_20210418T131626230_20210418T131634230.fits'
 'ch2_cla_l1_20210418T131634230_20210418T131642230.fits'
 'ch2_cla_l1_20210418T131642230_20210418T131650230.fits'
 'ch2_cla_l1_20210418T131650230_20210418T131658230.fits'
 'ch2_cla_l1_20210418T131658230_20210418T131706230.fits'
 'ch2_cla_l1_20210418T131706230_20210418T131714230.fits'
 'ch2_cla_l1_20210418T131714230_20210418T131722230.fits'
 'ch2_cla_l1_20210418T131722230_20210418T131730230.fits'
 'ch2_cla_l1_20210418T131730230_20210418T131738230.fits'
 'ch2_cla_l1_20210418T131738230_20210418T131746230.fits'
 'ch2_cla_l1_20210418T131746230_20210418T131754230.fits'
 'ch2_cla_l1_20210418T131754230_20210418T131802230.fits'
 'ch2_cla_l1_20210418T131802230_20210418T131810230.fits'
 'ch2_cla_l1_20210418T131810230_20210418T131818230.fits'
 'ch2_cla_l1_20210418T141914230_20210418T141922230.fits'
 'ch2_cla_l1_20210418T141922230_20210418T141930230.fits'
 'ch2_cla_l1_20210418T141930230_20210418T141938230.fits'
 'ch2_cla_l1_20210418T141938230_20210418T141946230.fits'
 'ch2_cla_l1_20210418T141946230_20210418T141954230.fits'
 'ch2_cla_l1_20210418T141954230_20210418T142002230.fits'
 'ch2_cla_l1_20210418T142002230_20210418T142010230.fits'
 'ch2_cla_l1_20210418T142010230_20210418T142018230.fits'
 'ch2_cla_l1_20210418T142018230_20210418T142026230.fits'
 'ch2_cla_l1_20210418T142026230_20210418T142034230.fits'
 'ch2_cla_l1_20210418T142034230_20210418T142042230.fits'
 'ch2_cla_l1_20210418T142042230_20210418T142050230.fits'
 'ch2_cla_l1_20210418T142050230_20210418T142058230.fits'
 'ch2_cla_l1_20210418T142058230_20210418T142106230.fits'
 'ch2_cla_l1_20210418T142106230_20210418T142114230.fits'
 'ch2_cla_l1_20210418T142114230_20210418T142122230.fits'
 'ch2_cla_l1_20210418T142122230_20210418T142130230.fits'
 'ch2_cla_l1_20210418T142130230_20210418T142138230.fits'
 'ch2_cla_l1_20210418T142138230_20210418T142146230.fits'
 'ch2_cla_l1_20210418T142146230_20210418T142154230.fits'
 'ch2_cla_l1_20210418T142154230_20210418T142202230.fits'
 'ch2_cla_l1_20210418T142202230_20210418T142210230.fits'
 'ch2_cla_l1_20210418T142210230_20210418T142218230.fits'
 'ch2_cla_l1_20210418T142218230_20210418T142226230.fits'
 'ch2_cla_l1_20210418T142226230_20210418T142234230.fits'
 'ch2_cla_l1_20210418T142234230_20210418T142242230.fits'
 'ch2_cla_l1_20210418T142242230_20210418T142250230.fits'
 'ch2_cla_l1_20210418T142250230_20210418T142258230.fits'
 'ch2_cla_l1_20210418T142258230_20210418T142306230.fits'
 'ch2_cla_l1_20210418T142306230_20210418T142314230.fits'
 'ch2_cla_l1_20210418T142314230_20210418T142322230.fits'
 'ch2_cla_l1_20210418T142322230_20210418T142330230.fits'
 'ch2_cla_l1_20210418T142330230_20210418T142338230.fits'
 'ch2_cla_l1_20210418T142338230_20210418T142346230.fits'
 'ch2_cla_l1_20210418T142346230_20210418T142354230.fits'
 'ch2_cla_l1_20210418T142354230_20210418T142402230.fits'
 'ch2_cla_l1_20210418T142402230_20210418T142410230.fits'
 'ch2_cla_l1_20210418T142410230_20210418T142418230.fits'
 'ch2_cla_l1_20210418T142418230_20210418T142426230.fits'
 'ch2_cla_l1_20210418T142426230_20210418T142434230.fits'
 'ch2_cla_l1_20210418T142434230_20210418T142442230.fits'
 'ch2_cla_l1_20210418T142442230_20210418T142450230.fits'
 'ch2_cla_l1_20210418T142450230_20210418T142458230.fits'
 'ch2_cla_l1_20210418T142458230_20210418T142506230.fits'
 'ch2_cla_l1_20210418T142506230_20210418T142514230.fits'
 'ch2_cla_l1_20210418T142514230_20210418T142522230.fits'
 'ch2_cla_l1_20210418T142522230_20210418T142530230.fits'
 'ch2_cla_l1_20210418T142530230_20210418T142538230.fits'
 'ch2_cla_l1_20210418T142538230_20210418T142546230.fits'
 'ch2_cla_l1_20210418T142546230_20210418T142554230.fits'
 'ch2_cla_l1_20210418T142554230_20210418T142602230.fits'
 'ch2_cla_l1_20210418T142602230_20210418T142610230.fits'
 'ch2_cla_l1_20210418T142610230_20210418T142618230.fits'
 'ch2_cla_l1_20210418T142618230_20210418T142626230.fits'
 'ch2_cla_l1_20210418T142626230_20210418T142634230.fits'
 'ch2_cla_l1_20210418T142634230_20210418T142642230.fits'
 'ch2_cla_l1_20210418T142642230_20210418T142650230.fits'
 'ch2_cla_l1_20210418T142650230_20210418T142658230.fits'
 'ch2_cla_l1_20210418T142658230_20210418T142706230.fits'
 'ch2_cla_l1_20210418T142706230_20210418T142714230.fits'
 'ch2_cla_l1_20210418T142714230_20210418T142722230.fits'
 'ch2_cla_l1_20210418T142722230_20210418T142730230.fits'
 'ch2_cla_l1_20210418T142730230_20210418T142738230.fits'
 'ch2_cla_l1_20210418T142738230_20210418T142746230.fits'
 'ch2_cla_l1_20210418T142746230_20210418T142754230.fits'
 'ch2_cla_l1_20210418T142754230_20210418T142802230.fits'
 'ch2_cla_l1_20210418T142802230_20210418T142810230.fits'
 'ch2_cla_l1_20210418T142810230_20210418T142818230.fits'
 'ch2_cla_l1_20210418T142818230_20210418T142826230.fits'
 'ch2_cla_l1_20210418T142826230_20210418T142834230.fits'
 'ch2_cla_l1_20210418T142834230_20210418T142842230.fits'
 'ch2_cla_l1_20210418T142842230_20210418T142850230.fits'
 'ch2_cla_l1_20210418T142850230_20210418T142858230.fits'
 'ch2_cla_l1_20210418T142858230_20210418T142906230.fits'
 'ch2_cla_l1_20210418T142906230_20210418T142914230.fits'
 'ch2_cla_l1_20210418T142914230_20210418T142922230.fits'
 'ch2_cla_l1_20210418T142922230_20210418T142930230.fits'
 'ch2_cla_l1_20210418T142930230_20210418T142938230.fits'
 'ch2_cla_l1_20210418T142938230_20210418T142946230.fits'
 'ch2_cla_l1_20210418T142946230_20210418T142954230.fits'
 'ch2_cla_l1_20210418T142954230_20210418T143002230.fits'
 'ch2_cla_l1_20210418T143002230_20210418T143010230.fits'
 'ch2_cla_l1_20210418T143010230_20210418T143018230.fits'
 'ch2_cla_l1_20210418T143018230_20210418T143026230.fits'
 'ch2_cla_l1_20210418T143026230_20210418T143034230.fits'
 'ch2_cla_l1_20210418T143034230_20210418T143042230.fits'
 'ch2_cla_l1_20210418T143042230_20210418T143050230.fits'
 'ch2_cla_l1_20210418T143050230_20210418T143058230.fits'
 'ch2_cla_l1_20210418T143058230_20210418T143106230.fits'
 'ch2_cla_l1_20210418T143106230_20210418T143114230.fits'
 'ch2_cla_l1_20210418T143114230_20210418T143122230.fits'
 'ch2_cla_l1_20210418T143122230_20210418T143130230.fits'
 'ch2_cla_l1_20210418T143130230_20210418T143138230.fits'
 'ch2_cla_l1_20210418T143138230_20210418T143146230.fits'
 'ch2_cla_l1_20210418T143146230_20210418T143154230.fits'
 'ch2_cla_l1_20210418T143154230_20210418T143202230.fits'
 'ch2_cla_l1_20210418T143202230_20210418T143210230.fits'
 'ch2_cla_l1_20210418T143210230_20210418T143218230.fits'
 'ch2_cla_l1_20210418T143218230_20210418T143226230.fits'
 'ch2_cla_l1_20210418T143226230_20210418T143234230.fits'
 'ch2_cla_l1_20210418T143234230_20210418T143242230.fits'
 'ch2_cla_l1_20210418T143242230_20210418T143250230.fits'
 'ch2_cla_l1_20210418T143250230_20210418T143258230.fits'
 'ch2_cla_l1_20210418T143258230_20210418T143306230.fits'
 'ch2_cla_l1_20210418T143306230_20210418T143314230.fits'
 'ch2_cla_l1_20210418T143314230_20210418T143322230.fits'
 'ch2_cla_l1_20210418T143322230_20210418T143330230.fits'
 'ch2_cla_l1_20210418T143330230_20210418T143338230.fits'
 'ch2_cla_l1_20210418T143338230_20210418T143346230.fits'
 'ch2_cla_l1_20210418T143346230_20210418T143354230.fits'
 'ch2_cla_l1_20210418T143354230_20210418T143402230.fits'
 'ch2_cla_l1_20210418T143402230_20210418T143410230.fits'
 'ch2_cla_l1_20210418T143410230_20210418T143418230.fits'
 'ch2_cla_l1_20210418T143418230_20210418T143426230.fits'
 'ch2_cla_l1_20210418T143426230_20210418T143434230.fits']"
"['ch2_cla_l1_20210418T151645580_20210418T151653580.fits'
 'ch2_cla_l1_20210418T151653580_20210418T151701580.fits'
 'ch2_cla_l1_20210418T151701580_20210418T151709580.fits'
 'ch2_cla_l1_20210418T151709580_20210418T151717580.fits'
 'ch2_cla_l1_20210418T151717580_20210418T151725580.fits'
 'ch2_cla_l1_20210418T151725580_20210418T151733580.fits'
 'ch2_cla_l1_20210418T151733580_20210418T151741580.fits'
 'ch2_cla_l1_20210418T151741580_20210418T151749580.fits'
 'ch2_cla_l1_20210418T151749580_20210418T151757580.fits'
 'ch2_cla_l1_20210418T151757580_20210418T151805580.fits'
 'ch2_cla_l1_20210418T151805580_20210418T151813580.fits'
 'ch2_cla_l1_20210418T151813580_20210418T151821580.fits'
 'ch2_cla_l1_20210418T151821580_20210418T151829580.fits'
 'ch2_cla_l1_20210418T151829580_20210418T151837580.fits'
 'ch2_cla_l1_20210418T151837580_20210418T151845580.fits'
 'ch2_cla_l1_20210418T151845580_20210418T151853580.fits'
 'ch2_cla_l1_20210418T151853580_20210418T151901580.fits'
 'ch2_cla_l1_20210418T151901580_20210418T151909580.fits'
 'ch2_cla_l1_20210418T151909580_20210418T151917580.fits'
 'ch2_cla_l1_20210418T151917580_20210418T151925580.fits'
 'ch2_cla_l1_20210418T151925580_20210418T151933580.fits'
 'ch2_cla_l1_20210418T151933580_20210418T151941580.fits'
 'ch2_cla_l1_20210418T151941580_20210418T151949580.fits'
 'ch2_cla_l1_20210418T151949580_20210418T151957580.fits'
 'ch2_cla_l1_20210418T151957580_20210418T152005580.fits'
 'ch2_cla_l1_20210418T152005580_20210418T152013580.fits'
 'ch2_cla_l1_20210418T152013580_20210418T152021580.fits'
 'ch2_cla_l1_20210418T152021580_20210418T152029580.fits'
 'ch2_cla_l1_20210418T152029580_20210418T152037580.fits'
 'ch2_cla_l1_20210418T152037580_20210418T152045580.fits'
 'ch2_cla_l1_20210418T152045580_20210418T152053580.fits'
 'ch2_cla_l1_20210418T152053580_20210418T152101580.fits'
 'ch2_cla_l1_20210418T152101580_20210418T152109580.fits'
 'ch2_cla_l1_20210418T152109580_20210418T152117580.fits'
 'ch2_cla_l1_20210418T152117580_20210418T152125580.fits'
 'ch2_cla_l1_20210418T152125580_20210418T152133580.fits'
 'ch2_cla_l1_20210418T152133580_20210418T152141580.fits'
 'ch2_cla_l1_20210418T152141580_20210418T152149580.fits'
 'ch2_cla_l1_20210418T152149580_20210418T152157580.fits'
 'ch2_cla_l1_20210418T152157580_20210418T152205580.fits'
 'ch2_cla_l1_20210418T152205580_20210418T152213580.fits'
 'ch2_cla_l1_20210418T152213580_20210418T152221580.fits'
 'ch2_cla_l1_20210418T152221580_20210418T152229580.fits'
 'ch2_cla_l1_20210418T152229580_20210418T152237580.fits'
 'ch2_cla_l1_20210418T152237580_20210418T152245580.fits'
 'ch2_cla_l1_20210418T152245580_20210418T152253580.fits'
 'ch2_cla_l1_20210418T152253580_20210418T152301580.fits'
 'ch2_cla_l1_20210418T152301580_20210418T152309580.fits'
 'ch2_cla_l1_20210418T152309580_20210418T152317580.fits'
 'ch2_cla_l1_20210418T152317580_20210418T152325580.fits'
 'ch2_cla_l1_20210418T152325580_20210418T152333580.fits'
 'ch2_cla_l1_20210418T152333580_20210418T152341580.fits'
 'ch2_cla_l1_20210418T152341580_20210418T152349580.fits'
 'ch2_cla_l1_20210418T152349580_20210418T152357580.fits'
 'ch2_cla_l1_20210418T152357580_20210418T152405580.fits'
 'ch2_cla_l1_20210418T152405580_20210418T152413580.fits'
 'ch2_cla_l1_20210418T152413580_20210418T152421580.fits'
 'ch2_cla_l1_20210418T152421580_20210418T152429580.fits'
 'ch2_cla_l1_20210418T152429580_20210418T152437580.fits'
 'ch2_cla_l1_20210418T152437580_20210418T152445580.fits'
 'ch2_cla_l1_20210418T152445580_20210418T152453580.fits'
 'ch2_cla_l1_20210418T152453580_20210418T152501580.fits'
 'ch2_cla_l1_20210418T152501580_20210418T152509580.fits'
 'ch2_cla_l1_20210418T152509580_20210418T152517580.fits'
 'ch2_cla_l1_20210418T152517580_20210418T152525580.fits'
 'ch2_cla_l1_20210418T152525580_20210418T152533580.fits'
 'ch2_cla_l1_20210418T152533580_20210418T152541580.fits'
 'ch2_cla_l1_20210418T152541580_20210418T152549580.fits'
 'ch2_cla_l1_20210418T152549580_20210418T152557580.fits'
 'ch2_cla_l1_20210418T152557580_20210418T152605580.fits'
 'ch2_cla_l1_20210418T152605580_20210418T152613580.fits'
 'ch2_cla_l1_20210418T152613580_20210418T152621580.fits'
 'ch2_cla_l1_20210418T152621580_20210418T152629580.fits'
 'ch2_cla_l1_20210418T152629580_20210418T152637580.fits'
 'ch2_cla_l1_20210418T152637580_20210418T152645580.fits'
 'ch2_cla_l1_20210418T152645580_20210418T152653580.fits'
 'ch2_cla_l1_20210418T152653580_20210418T152701580.fits'
 'ch2_cla_l1_20210418T152701580_20210418T152709580.fits'
 'ch2_cla_l1_20210418T152709580_20210418T152717580.fits'
 'ch2_cla_l1_20210418T152717580_20210418T152725580.fits'
 'ch2_cla_l1_20210418T152725580_20210418T152733580.fits'
 'ch2_cla_l1_20210418T152733580_20210418T152741580.fits'
 'ch2_cla_l1_20210418T152741580_20210418T152749580.fits'
 'ch2_cla_l1_20210418T152749580_20210418T152757580.fits'
 'ch2_cla_l1_20210418T152757580_20210418T152805580.fits'
 'ch2_cla_l1_20210418T152805580_20210418T152813580.fits'
 'ch2_cla_l1_20210418T152813580_20210418T152821580.fits'
 'ch2_cla_l1_20210418T152821580_20210418T152829580.fits'
 'ch2_cla_l1_20210418T152829580_20210418T152837580.fits'
 'ch2_cla_l1_20210418T152837580_20210418T152845580.fits'
 'ch2_cla_l1_20210418T152845580_20210418T152853580.fits'
 'ch2_cla_l1_20210418T152853580_20210418T152901580.fits'
 'ch2_cla_l1_20210418T152901580_20210418T152909580.fits'
 'ch2_cla_l1_20210418T152909580_20210418T152917580.fits'
 'ch2_cla_l1_20210418T152917580_20210418T152925580.fits'
 'ch2_cla_l1_20210418T152925580_20210418T152933580.fits'
 'ch2_cla_l1_20210418T152933580_20210418T152941580.fits'
 'ch2_cla_l1_20210418T152941580_20210418T152949580.fits'
 'ch2_cla_l1_20210418T152949580_20210418T152957580.fits'
 'ch2_cla_l1_20210418T152957580_20210418T153005580.fits'
 'ch2_cla_l1_20210418T153005580_20210418T153013580.fits'
 'ch2_cla_l1_20210418T153013580_20210418T153021580.fits'
 'ch2_cla_l1_20210418T153021580_20210418T153029580.fits'
 'ch2_cla_l1_20210418T153029580_20210418T153037580.fits'
 'ch2_cla_l1_20210418T153037580_20210418T153045580.fits'
 'ch2_cla_l1_20210418T153045580_20210418T153053580.fits'
 'ch2_cla_l1_20210418T153053580_20210418T153101580.fits'
 'ch2_cla_l1_20210418T153101580_20210418T153109580.fits'
 'ch2_cla_l1_20210418T153109580_20210418T153117580.fits'
 'ch2_cla_l1_20210418T153117580_20210418T153125580.fits'
 'ch2_cla_l1_20210418T153125580_20210418T153133580.fits'
 'ch2_cla_l1_20210418T153133580_20210418T153141580.fits'
 'ch2_cla_l1_20210418T153141580_20210418T153149580.fits'
 'ch2_cla_l1_20210418T153149580_20210418T153157580.fits'
 'ch2_cla_l1_20210418T153157580_20210418T153205580.fits'
 'ch2_cla_l1_20210418T153205580_20210418T153213580.fits'
 'ch2_cla_l1_20210418T153213580_20210418T153221580.fits'
 'ch2_cla_l1_20210418T153221580_20210418T153229580.fits'
 'ch2_cla_l1_20210418T153229580_20210418T153237580.fits'
 'ch2_cla_l1_20210418T153237580_20210418T153245580.fits'
 'ch2_cla_l1_20210418T153245580_20210418T153253580.fits'
 'ch2_cla_l1_20210418T153253580_20210418T153301580.fits'
 'ch2_cla_l1_20210418T153301580_20210418T153309580.fits'
 'ch2_cla_l1_20210418T153309580_20210418T153317580.fits'
 'ch2_cla_l1_20210418T153317580_20210418T153325580.fits'
 'ch2_cla_l1_20210418T153325580_20210418T153333580.fits'
 'ch2_cla_l1_20210418T153333580_20210418T153341580.fits'
 'ch2_cla_l1_20210418T153341580_20210418T153349580.fits'
 'ch2_cla_l1_20210418T153349580_20210418T153357580.fits'
 'ch2_cla_l1_20210418T153357580_20210418T153405580.fits'
 'ch2_cla_l1_20210418T153405580_20210418T153413580.fits'
 'ch2_cla_l1_20210418T153413580_20210418T153421580.fits'
 'ch2_cla_l1_20210418T153421580_20210418T153429580.fits'
 'ch2_cla_l1_20210418T153429580_20210418T153437580.fits'
 'ch2_cla_l1_20210418T153437580_20210418T153445580.fits'
 'ch2_cla_l1_20210418T153445580_20210418T153453580.fits'
 'ch2_cla_l1_20210418T153453580_20210418T153501580.fits'
 'ch2_cla_l1_20210418T153501580_20210418T153509580.fits'
 'ch2_cla_l1_20210418T153509580_20210418T153517580.fits'
 'ch2_cla_l1_20210418T153517580_20210418T153525580.fits'
 'ch2_cla_l1_20210418T153525580_20210418T153533580.fits'
 'ch2_cla_l1_20210418T153533580_20210418T153541580.fits'
 'ch2_cla_l1_20210418T153541580_20210418T153549580.fits'
 'ch2_cla_l1_20210418T153549580_20210418T153557580.fits'
 'ch2_cla_l1_20210418T153557580_20210418T153605580.fits'
 'ch2_cla_l1_20210418T153605580_20210418T153613580.fits'
 'ch2_cla_l1_20210418T153613580_20210418T153621580.fits'
 'ch2_cla_l1_20210418T153621580_20210418T153629580.fits'
 'ch2_cla_l1_20210418T153629580_20210418T153637580.fits'
 'ch2_cla_l1_20210418T153637580_20210418T153645580.fits'
 'ch2_cla_l1_20210418T153645580_20210418T153653580.fits'
 'ch2_cla_l1_20210418T153653580_20210418T153701580.fits'
 'ch2_cla_l1_20210418T153701580_20210418T153709580.fits'
 'ch2_cla_l1_20210418T153709580_20210418T153717580.fits'
 'ch2_cla_l1_20210418T153717580_20210418T153725580.fits'
 'ch2_cla_l1_20210418T153725580_20210418T153733580.fits'
 'ch2_cla_l1_20210418T153733580_20210418T153741580.fits'
 'ch2_cla_l1_20210418T153741580_20210418T153749580.fits'
 'ch2_cla_l1_20210418T153749580_20210418T153757580.fits'
 'ch2_cla_l1_20210418T153757580_20210418T153805580.fits'
 'ch2_cla_l1_20210418T153805580_20210418T153813580.fits'
 'ch2_cla_l1_20210418T153813580_20210418T153821580.fits'
 'ch2_cla_l1_20210418T153821580_20210418T153829580.fits'
 'ch2_cla_l1_20210418T153829580_20210418T153837580.fits'
 'ch2_cla_l1_20210418T153837580_20210418T153845580.fits'
 'ch2_cla_l1_20210418T153845580_20210418T153853580.fits'
 'ch2_cla_l1_20210418T153853580_20210418T153901580.fits'
 'ch2_cla_l1_20210418T153901580_20210418T153909580.fits'
 'ch2_cla_l1_20210418T153909580_20210418T153917580.fits'
 'ch2_cla_l1_20210418T153917580_20210418T153925580.fits'
 'ch2_cla_l1_20210418T153925580_20210418T153933580.fits'
 'ch2_cla_l1_20210418T153933580_20210418T153941580.fits'
 'ch2_cla_l1_20210418T153941580_20210418T153949580.fits'
 'ch2_cla_l1_20210418T153949580_20210418T153957580.fits'
 'ch2_cla_l1_20210418T153957580_20210418T154005580.fits'
 'ch2_cla_l1_20210418T154005580_20210418T154013580.fits'
 'ch2_cla_l1_20210418T154013580_20210418T154021580.fits'
 'ch2_cla_l1_20210418T154021580_20210418T154029580.fits'
 'ch2_cla_l1_20210418T154029580_20210418T154037580.fits'
 'ch2_cla_l1_20210418T154037580_20210418T154045580.fits'
 'ch2_cla_l1_20210418T154045580_20210418T154053580.fits'
 'ch2_cla_l1_20210418T154053580_20210418T154101580.fits'
 'ch2_cla_l1_20210418T154101580_20210418T154109580.fits'
 'ch2_cla_l1_20210418T154109580_20210418T154117580.fits'
 'ch2_cla_l1_20210418T154117580_20210418T154125580.fits'
 'ch2_cla_l1_20210418T154125580_20210418T154133580.fits'
 'ch2_cla_l1_20210418T154133580_20210418T154141580.fits'
 'ch2_cla_l1_20210418T154141580_20210418T154149580.fits'
 'ch2_cla_l1_20210418T154149580_20210418T154157580.fits'
 'ch2_cla_l1_20210418T154157580_20210418T154205580.fits'
 'ch2_cla_l1_20210418T154205580_20210418T154213580.fits'
 'ch2_cla_l1_20210418T154213580_20210418T154221580.fits'
 'ch2_cla_l1_20210418T154221580_20210418T154229580.fits'
 'ch2_cla_l1_20210418T154229580_20210418T154237580.fits'
 'ch2_cla_l1_20210418T154237580_20210418T154245580.fits'
 'ch2_cla_l1_20210418T154245580_20210418T154253580.fits'
 'ch2_cla_l1_20210418T154253580_20210418T154301580.fits'
 'ch2_cla_l1_20210418T154301580_20210418T154309580.fits'
 'ch2_cla_l1_20210418T154309580_20210418T154317580.fits'
 'ch2_cla_l1_20210418T154317580_20210418T154325580.fits'
 'ch2_cla_l1_20210418T154325580_20210418T154333580.fits'
 'ch2_cla_l1_20210418T154333580_20210418T154341580.fits'
 'ch2_cla_l1_20210418T154341580_20210418T154349580.fits'
 'ch2_cla_l1_20210418T154349580_20210418T154357580.fits'
 'ch2_cla_l1_20210418T154357580_20210418T154405580.fits'
 'ch2_cla_l1_20210418T154405580_20210418T154413580.fits'
 'ch2_cla_l1_20210418T154413580_20210418T154421580.fits'
 'ch2_cla_l1_20210418T154421580_20210418T154429580.fits'
 'ch2_cla_l1_20210418T154429580_20210418T154437580.fits'
 'ch2_cla_l1_20210418T154437580_20210418T154445580.fits'
 'ch2_cla_l1_20210418T154445580_20210418T154453580.fits'
 'ch2_cla_l1_20210418T154453580_20210418T154501580.fits'
 'ch2_cla_l1_20210418T154501580_20210418T154509580.fits'
 'ch2_cla_l1_20210418T154509580_20210418T154517580.fits'
 'ch2_cla_l1_20210418T154517580_20210418T154525580.fits'
 'ch2_cla_l1_20210418T154525580_20210418T154533580.fits'
 'ch2_cla_l1_20210418T154533580_20210418T154541580.fits'
 'ch2_cla_l1_20210418T154541580_20210418T154549580.fits'
 'ch2_cla_l1_20210418T154549580_20210418T154557580.fits'
 'ch2_cla_l1_20210418T154557580_20210418T154605580.fits'
 'ch2_cla_l1_20210418T154605580_20210418T154613580.fits'
 'ch2_cla_l1_20210418T154613580_20210418T154621580.fits'
 'ch2_cla_l1_20210418T154621580_20210418T154629580.fits'
 'ch2_cla_l1_20210418T154629580_20210418T154637580.fits'
 'ch2_cla_l1_20210418T154637580_20210418T154645580.fits'
 'ch2_cla_l1_20210418T154645580_20210418T154653580.fits'
 'ch2_cla_l1_20210418T154653580_20210418T154701580.fits'
 'ch2_cla_l1_20210418T154701580_20210418T154709580.fits'
 'ch2_cla_l1_20210418T154709580_20210418T154717580.fits'
 'ch2_cla_l1_20210418T154717580_20210418T154725580.fits'
 'ch2_cla_l1_20210418T154725580_20210418T154733580.fits'
 'ch2_cla_l1_20210418T154733580_20210418T154741580.fits'
 'ch2_cla_l1_20210418T154741580_20210418T154749580.fits'
 'ch2_cla_l1_20210418T154749580_20210418T154757580.fits'
 'ch2_cla_l1_20210418T154757580_20210418T154805580.fits'
 'ch2_cla_l1_20210418T154805580_20210418T154813580.fits'
 'ch2_cla_l1_20210418T154813580_20210418T154821580.fits'
 'ch2_cla_l1_20210418T154821580_20210418T154829580.fits'
 'ch2_cla_l1_20210418T154829580_20210418T154837580.fits'
 'ch2_cla_l1_20210418T154837580_20210418T154845580.fits'
 'ch2_cla_l1_20210418T154845580_20210418T154853580.fits'
 'ch2_cla_l1_20210418T154853580_20210418T154901580.fits'
 'ch2_cla_l1_20210418T154901580_20210418T154909580.fits'
 'ch2_cla_l1_20210418T154909580_20210418T154917580.fits'
 'ch2_cla_l1_20210418T154917580_20210418T154925580.fits'
 'ch2_cla_l1_20210418T154925580_20210418T154933580.fits'
 'ch2_cla_l1_20210418T154933580_20210418T154941580.fits'
 'ch2_cla_l1_20210418T154941580_20210418T154949580.fits'
 'ch2_cla_l1_20210418T154949580_20210418T154957580.fits'
 'ch2_cla_l1_20210418T154957580_20210418T155005580.fits'
 'ch2_cla_l1_20210418T155005580_20210418T155013580.fits'
 'ch2_cla_l1_20210418T155013580_20210418T155021580.fits'
 'ch2_cla_l1_20210418T155021580_20210418T155029580.fits'
 'ch2_cla_l1_20210418T155029580_20210418T155037580.fits'
 'ch2_cla_l1_20210418T155037580_20210418T155045580.fits'
 'ch2_cla_l1_20210418T155045580_20210418T155053580.fits'
 'ch2_cla_l1_20210418T155053580_20210418T155101580.fits'
 'ch2_cla_l1_20210418T155101580_20210418T155109580.fits'
 'ch2_cla_l1_20210418T155109580_20210418T155117580.fits'
 'ch2_cla_l1_20210418T155117580_20210418T155125580.fits'
 'ch2_cla_l1_20210418T155125580_20210418T155133580.fits'
 'ch2_cla_l1_20210418T155133580_20210418T155141580.fits'
 'ch2_cla_l1_20210418T155141580_20210418T155149580.fits'
 'ch2_cla_l1_20210418T155149580_20210418T155157580.fits'
 'ch2_cla_l1_20210418T155157580_20210418T155205580.fits'
 'ch2_cla_l1_20210418T155205580_20210418T155213580.fits'
 'ch2_cla_l1_20210418T155213580_20210418T155221580.fits'
 'ch2_cla_l1_20210418T155221580_20210418T155229580.fits'
 'ch2_cla_l1_20210418T155229580_20210418T155237580.fits'
 'ch2_cla_l1_20210418T155237580_20210418T155245580.fits'
 'ch2_cla_l1_20210418T155245580_20210418T155253580.fits'
 'ch2_cla_l1_20210418T155253580_20210418T155301580.fits'
 'ch2_cla_l1_20210418T155301580_20210418T155309580.fits'
 'ch2_cla_l1_20210418T155309580_20210418T155317580.fits'
 'ch2_cla_l1_20210418T155317580_20210418T155325580.fits'
 'ch2_cla_l1_20210418T155325580_20210418T155333580.fits'
 'ch2_cla_l1_20210418T155333580_20210418T155341580.fits'
 'ch2_cla_l1_20210418T155341580_20210418T155349580.fits'
 'ch2_cla_l1_20210418T155349580_20210418T155357580.fits'
 'ch2_cla_l1_20210418T155357580_20210418T155405580.fits'
 'ch2_cla_l1_20210418T155405580_20210418T155413580.fits'
 'ch2_cla_l1_20210418T155413580_20210418T155421580.fits'
 'ch2_cla_l1_20210418T155421580_20210418T155429580.fits'
 'ch2_cla_l1_20210418T155429580_20210418T155437580.fits'
 'ch2_cla_l1_20210418T155437580_20210418T155445580.fits'
 'ch2_cla_l1_20210418T155445580_20210418T155453580.fits'
 'ch2_cla_l1_20210418T155453580_20210418T155501580.fits'
 'ch2_cla_l1_20210418T155501580_20210418T155509580.fits'
 'ch2_cla_l1_20210418T155509580_20210418T155517580.fits'
 'ch2_cla_l1_20210418T155517580_20210418T155525580.fits'
 'ch2_cla_l1_20210418T155525580_20210418T155533580.fits'
 'ch2_cla_l1_20210418T155533580_20210418T155541580.fits'
 'ch2_cla_l1_20210418T155541580_20210418T155549580.fits'
 'ch2_cla_l1_20210418T155549580_20210418T155557580.fits'
 'ch2_cla_l1_20210418T155557580_20210418T155605580.fits'
 'ch2_cla_l1_20210418T155605580_20210418T155613580.fits'
 'ch2_cla_l1_20210418T155613580_20210418T155621580.fits'
 'ch2_cla_l1_20210418T155621580_20210418T155629580.fits'
 'ch2_cla_l1_20210418T155629580_20210418T155637580.fits'
 'ch2_cla_l1_20210418T155637580_20210418T155645580.fits'
 'ch2_cla_l1_20210418T155645580_20210418T155653580.fits'
 'ch2_cla_l1_20210418T155653580_20210418T155701580.fits'
 'ch2_cla_l1_20210418T155701580_20210418T155709580.fits'
 'ch2_cla_l1_20210418T155709580_20210418T155717580.fits'
 'ch2_cla_l1_20210418T155717580_20210418T155725580.fits'
 'ch2_cla_l1_20210418T155725580_20210418T155733580.fits'
 'ch2_cla_l1_20210418T155733580_20210418T155741580.fits'
 'ch2_cla_l1_20210418T155741580_20210418T155749580.fits'
 'ch2_cla_l1_20210418T155749580_20210418T155757580.fits'
 'ch2_cla_l1_20210418T155757580_20210418T155805580.fits'
 'ch2_cla_l1_20210418T155805580_20210418T155813580.fits'
 'ch2_cla_l1_20210418T155813580_20210418T155821580.fits'
 'ch2_cla_l1_20210418T155821580_20210418T155829580.fits'
 'ch2_cla_l1_20210418T155829580_20210418T155837580.fits'
 'ch2_cla_l1_20210418T155837580_20210418T155845580.fits'
 'ch2_cla_l1_20210418T155845580_20210418T155853580.fits'
 'ch2_cla_l1_20210418T155853580_20210418T155901580.fits'
 'ch2_cla_l1_20210418T155901580_20210418T155909580.fits'
 'ch2_cla_l1_20210418T155909580_20210418T155917580.fits'
 'ch2_cla_l1_20210418T155917580_20210418T155925580.fits'
 'ch2_cla_l1_20210418T155925580_20210418T155933580.fits'
 'ch2_cla_l1_20210418T155933580_20210418T155941580.fits'
 'ch2_cla_l1_20210418T155941580_20210418T155949580.fits'
 'ch2_cla_l1_20210418T155949580_20210418T155957580.fits'
 'ch2_cla_l1_20210418T155957580_20210418T160005580.fits'
 'ch2_cla_l1_20210418T160005580_20210418T160013580.fits'
 'ch2_cla_l1_20210418T160013580_20210418T160021580.fits'
 'ch2_cla_l1_20210418T160021580_20210418T160029580.fits'
 'ch2_cla_l1_20210418T160029580_20210418T160037580.fits'
 'ch2_cla_l1_20210418T160037580_20210418T160045580.fits'
 'ch2_cla_l1_20210418T160045580_20210418T160053580.fits'
 'ch2_cla_l1_20210418T160053580_20210418T160101580.fits'
 'ch2_cla_l1_20210418T160101580_20210418T160109580.fits'
 'ch2_cla_l1_20210418T160109580_20210418T160117580.fits'
 'ch2_cla_l1_20210418T160117580_20210418T160125580.fits'
 'ch2_cla_l1_20210418T160125580_20210418T160133580.fits'
 'ch2_cla_l1_20210418T160133580_20210418T160141580.fits'
 'ch2_cla_l1_20210418T160141580_20210418T160149580.fits'
 'ch2_cla_l1_20210418T160149580_20210418T160157580.fits'
 'ch2_cla_l1_20210418T160157580_20210418T160205580.fits'
 'ch2_cla_l1_20210418T160205580_20210418T160213580.fits'
 'ch2_cla_l1_20210418T160213580_20210418T160221580.fits'
 'ch2_cla_l1_20210418T160221580_20210418T160229580.fits'
 'ch2_cla_l1_20210418T160229580_20210418T160237580.fits'
 'ch2_cla_l1_20210418T160237580_20210418T160245580.fits'
 'ch2_cla_l1_20210418T160245580_20210418T160253580.fits'
 'ch2_cla_l1_20210418T160253580_20210418T160301580.fits'
 'ch2_cla_l1_20210418T160301580_20210418T160309580.fits'
 'ch2_cla_l1_20210418T160309580_20210418T160317580.fits'
 'ch2_cla_l1_20210418T160317580_20210418T160325580.fits'
 'ch2_cla_l1_20210418T160325580_20210418T160333580.fits'
 'ch2_cla_l1_20210418T160333580_20210418T160341580.fits'
 'ch2_cla_l1_20210418T160341580_20210418T160349580.fits'
 'ch2_cla_l1_20210418T160349580_20210418T160357580.fits'
 'ch2_cla_l1_20210418T160357580_20210418T160405580.fits'
 'ch2_cla_l1_20210418T160405580_20210418T160413580.fits'
 'ch2_cla_l1_20210418T160413580_20210418T160421580.fits'
 'ch2_cla_l1_20210418T160421580_20210418T160429580.fits'
 'ch2_cla_l1_20210418T160429580_20210418T160437580.fits'
 'ch2_cla_l1_20210418T160437580_20210418T160445580.fits'
 'ch2_cla_l1_20210418T160445580_20210418T160453580.fits'
 'ch2_cla_l1_20210418T160453580_20210418T160501580.fits'
 'ch2_cla_l1_20210418T160501580_20210418T160509580.fits'
 'ch2_cla_l1_20210418T160509580_20210418T160517580.fits'
 'ch2_cla_l1_20210418T160517580_20210418T160525580.fits'
 'ch2_cla_l1_20210418T160525580_20210418T160533580.fits'
 'ch2_cla_l1_20210418T160533580_20210418T160541580.fits'
 'ch2_cla_l1_20210418T160541580_20210418T160549580.fits'
 'ch2_cla_l1_20210418T160549580_20210418T160557580.fits'
 'ch2_cla_l1_20210418T160557580_20210418T160605580.fits'
 'ch2_cla_l1_20210418T160605580_20210418T160613580.fits'
 'ch2_cla_l1_20210418T160613580_20210418T160621580.fits'
 'ch2_cla_l1_20210418T160621580_20210418T160629580.fits'
 'ch2_cla_l1_20210418T160629580_20210418T160637580.fits'
 'ch2_cla_l1_20210418T160637580_20210418T160645580.fits'
 'ch2_cla_l1_20210418T160645580_20210418T160653580.fits'
 'ch2_cla_l1_20210418T160653580_20210418T160701580.fits'
 'ch2_cla_l1_20210418T160701580_20210418T160709580.fits'
 'ch2_cla_l1_20210418T160709580_20210418T160717580.fits'
 'ch2_cla_l1_20210418T160717580_20210418T160725580.fits'
 'ch2_cla_l1_20210418T160725580_20210418T160733580.fits'
 'ch2_cla_l1_20210418T160733580_20210418T160741580.fits'
 'ch2_cla_l1_20210418T160741580_20210418T160749580.fits'
 'ch2_cla_l1_20210418T160749580_20210418T160757580.fits'
 'ch2_cla_l1_20210418T160757580_20210418T160805580.fits'
 'ch2_cla_l1_20210418T160805580_20210418T160813580.fits'
 'ch2_cla_l1_20210418T160813580_20210418T160821580.fits'
 'ch2_cla_l1_20210418T160821580_20210418T160829580.fits'
 'ch2_cla_l1_20210418T160829580_20210418T160837580.fits'
 'ch2_cla_l1_20210418T160837580_20210418T160845580.fits'
 'ch2_cla_l1_20210418T160845580_20210418T160853580.fits'
 'ch2_cla_l1_20210418T160853580_20210418T160901580.fits'
 'ch2_cla_l1_20210418T160901580_20210418T160909580.fits'
 'ch2_cla_l1_20210418T160909580_20210418T160917580.fits'
 'ch2_cla_l1_20210418T160917580_20210418T160925580.fits'
 'ch2_cla_l1_20210418T160925580_20210418T160933580.fits'
 'ch2_cla_l1_20210418T160933580_20210418T160941580.fits'
 'ch2_cla_l1_20210418T160941580_20210418T160949580.fits'
 'ch2_cla_l1_20210418T160949580_20210418T160957580.fits'
 'ch2_cla_l1_20210418T160957580_20210418T161005580.fits'
 'ch2_cla_l1_20210418T161005580_20210418T161013580.fits'
 'ch2_cla_l1_20210418T161013580_20210418T161021580.fits'
 'ch2_cla_l1_20210418T161021580_20210418T161029580.fits'
 'ch2_cla_l1_20210418T161029580_20210418T161037580.fits'
 'ch2_cla_l1_20210418T161037580_20210418T161045580.fits'
 'ch2_cla_l1_20210418T161045580_20210418T161053580.fits'
 'ch2_cla_l1_20210418T161053580_20210418T161101580.fits'
 'ch2_cla_l1_20210418T161101580_20210418T161109580.fits'
 'ch2_cla_l1_20210418T161109580_20210418T161117580.fits'
 'ch2_cla_l1_20210418T161117580_20210418T161125580.fits'
 'ch2_cla_l1_20210418T161125580_20210418T161133580.fits'
 'ch2_cla_l1_20210418T161133580_20210418T161141580.fits'
 'ch2_cla_l1_20210418T161141580_20210418T161149580.fits'
 'ch2_cla_l1_20210418T161149580_20210418T161157580.fits'
 'ch2_cla_l1_20210418T161157580_20210418T161205580.fits'
 'ch2_cla_l1_20210418T161205580_20210418T161213580.fits'
 'ch2_cla_l1_20210418T161213580_20210418T161221580.fits'
 'ch2_cla_l1_20210418T161221580_20210418T161229580.fits'
 'ch2_cla_l1_20210418T161229580_20210418T161237580.fits'
 'ch2_cla_l1_20210418T161237580_20210418T161245580.fits'
 'ch2_cla_l1_20210418T161245580_20210418T161253580.fits'
 'ch2_cla_l1_20210418T161253580_20210418T161301580.fits'
 'ch2_cla_l1_20210418T161301580_20210418T161309580.fits'
 'ch2_cla_l1_20210418T161309580_20210418T161317580.fits'
 'ch2_cla_l1_20210418T161317580_20210418T161325580.fits'
 'ch2_cla_l1_20210418T161325580_20210418T161333580.fits'
 'ch2_cla_l1_20210418T161333580_20210418T161341580.fits'
 'ch2_cla_l1_20210418T161341580_20210418T161349580.fits'
 'ch2_cla_l1_20210418T161349580_20210418T161357580.fits'
 'ch2_cla_l1_20210418T161357580_20210418T161405580.fits'
 'ch2_cla_l1_20210418T161405580_20210418T161413580.fits'
 'ch2_cla_l1_20210418T161413580_20210418T161421580.fits'
 'ch2_cla_l1_20210418T161421580_20210418T161429580.fits'
 'ch2_cla_l1_20210418T161429580_20210418T161437580.fits'
 'ch2_cla_l1_20210418T161437580_20210418T161445580.fits'
 'ch2_cla_l1_20210418T161445580_20210418T161453580.fits'
 'ch2_cla_l1_20210418T161453580_20210418T161501580.fits'
 'ch2_cla_l1_20210418T161501580_20210418T161509580.fits'
 'ch2_cla_l1_20210418T161509580_20210418T161517580.fits'
 'ch2_cla_l1_20210418T161517580_20210418T161525580.fits'
 'ch2_cla_l1_20210418T161525580_20210418T161533580.fits'
 'ch2_cla_l1_20210418T161533580_20210418T161541580.fits'
 'ch2_cla_l1_20210418T161541580_20210418T161549580.fits'
 'ch2_cla_l1_20210418T161549580_20210418T161557580.fits'
 'ch2_cla_l1_20210418T161557580_20210418T161605580.fits']","['ch2_cla_l1_20210418T143434230_20210418T143436358.fits'
 'ch2_cla_l1_20210418T150101580_20210418T150109580.fits'
 'ch2_cla_l1_20210418T150109580_20210418T150117580.fits'
 'ch2_cla_l1_20210418T150117580_20210418T150125580.fits'
 'ch2_cla_l1_20210418T150125580_20210418T150133580.fits'
 'ch2_cla_l1_20210418T150133580_20210418T150141580.fits'
 'ch2_cla_l1_20210418T150141580_20210418T150149580.fits'
 'ch2_cla_l1_20210418T150149580_20210418T150157580.fits'
 'ch2_cla_l1_20210418T150157580_20210418T150205580.fits'
 'ch2_cla_l1_20210418T150205580_20210418T150213580.fits'
 'ch2_cla_l1_20210418T150213580_20210418T150221580.fits'
 'ch2_cla_l1_20210418T150221580_20210418T150229580.fits'
 'ch2_cla_l1_20210418T150229580_20210418T150237580.fits'
 'ch2_cla_l1_20210418T150237580_20210418T150245580.fits'
 'ch2_cla_l1_20210418T150245580_20210418T150253580.fits'
 'ch2_cla_l1_20210418T150253580_20210418T150301580.fits'
 'ch2_cla_l1_20210418T150301580_20210418T150309580.fits'
 'ch2_cla_l1_20210418T150309580_20210418T150317580.fits'
 'ch2_cla_l1_20210418T150317580_20210418T150325580.fits'
 'ch2_cla_l1_20210418T150325580_20210418T150333580.fits'
 'ch2_cla_l1_20210418T150333580_20210418T150341580.fits'
 'ch2_cla_l1_20210418T150341580_20210418T150349580.fits'
 'ch2_cla_l1_20210418T150349580_20210418T150357580.fits'
 'ch2_cla_l1_20210418T150357580_20210418T150405580.fits'
 'ch2_cla_l1_20210418T150405580_20210418T150413580.fits'
 'ch2_cla_l1_20210418T150413580_20210418T150421580.fits'
 'ch2_cla_l1_20210418T150421580_20210418T150429580.fits'
 'ch2_cla_l1_20210418T150429580_20210418T150437580.fits'
 'ch2_cla_l1_20210418T150437580_20210418T150445580.fits'
 'ch2_cla_l1_20210418T150445580_20210418T150453580.fits'
 'ch2_cla_l1_20210418T150453580_20210418T150501580.fits'
 'ch2_cla_l1_20210418T150501580_20210418T150509580.fits'
 'ch2_cla_l1_20210418T150509580_20210418T150517580.fits'
 'ch2_cla_l1_20210418T150517580_20210418T150525580.fits'
 'ch2_cla_l1_20210418T150525580_20210418T150533580.fits'
 'ch2_cla_l1_20210418T150533580_20210418T150541580.fits'
 'ch2_cla_l1_20210418T150541580_20210418T150549580.fits'
 'ch2_cla_l1_20210418T150549580_20210418T150557580.fits'
 'ch2_cla_l1_20210418T150557580_20210418T150605580.fits'
 'ch2_cla_l1_20210418T150605580_20210418T150613580.fits'
 'ch2_cla_l1_20210418T150613580_20210418T150621580.fits'
 'ch2_cla_l1_20210418T150621580_20210418T150629580.fits'
 'ch2_cla_l1_20210418T150629580_20210418T150637580.fits'
 'ch2_cla_l1_20210418T150637580_20210418T150645580.fits'
 'ch2_cla_l1_20210418T150645580_20210418T150653580.fits'
 'ch2_cla_l1_20210418T150653580_20210418T150701580.fits'
 'ch2_cla_l1_20210418T150701580_20210418T150709580.fits'
 'ch2_cla_l1_20210418T150709580_20210418T150717580.fits'
 'ch2_cla_l1_20210418T150717580_20210418T150725580.fits'
 'ch2_cla_l1_20210418T150725580_20210418T150733580.fits'
 'ch2_cla_l1_20210418T150733580_20210418T150741580.fits'
 'ch2_cla_l1_20210418T150741580_20210418T150749580.fits'
 'ch2_cla_l1_20210418T150749580_20210418T150757580.fits'
 'ch2_cla_l1_20210418T150757580_20210418T150805580.fits'
 'ch2_cla_l1_20210418T150805580_20210418T150813580.fits'
 'ch2_cla_l1_20210418T150813580_20210418T150821580.fits'
 'ch2_cla_l1_20210418T150821580_20210418T150829580.fits'
 'ch2_cla_l1_20210418T150829580_20210418T150837580.fits'
 'ch2_cla_l1_20210418T150837580_20210418T150845580.fits'
 'ch2_cla_l1_20210418T150845580_20210418T150853580.fits'
 'ch2_cla_l1_20210418T150853580_20210418T150901580.fits'
 'ch2_cla_l1_20210418T150901580_20210418T150909580.fits'
 'ch2_cla_l1_20210418T150909580_20210418T150917580.fits'
 'ch2_cla_l1_20210418T150917580_20210418T150925580.fits'
 'ch2_cla_l1_20210418T150925580_20210418T150933580.fits'
 'ch2_cla_l1_20210418T150933580_20210418T150941580.fits'
 'ch2_cla_l1_20210418T150941580_20210418T150949580.fits'
 'ch2_cla_l1_20210418T150949580_20210418T150957580.fits'
 'ch2_cla_l1_20210418T150957580_20210418T151005580.fits'
 'ch2_cla_l1_20210418T151005580_20210418T151013580.fits'
 'ch2_cla_l1_20210418T151013580_20210418T151021580.fits'
 'ch2_cla_l1_20210418T151021580_20210418T151029580.fits'
 'ch2_cla_l1_20210418T151029580_20210418T151037580.fits'
 'ch2_cla_l1_20210418T151037580_20210418T151045580.fits'
 'ch2_cla_l1_20210418T151045580_20210418T151053580.fits'
 'ch2_cla_l1_20210418T151053580_20210418T151101580.fits'
 'ch2_cla_l1_20210418T151101580_20210418T151109580.fits'
 'ch2_cla_l1_20210418T151109580_20210418T151117580.fits'
 'ch2_cla_l1_20210418T151117580_20210418T151125580.fits'
 'ch2_cla_l1_20210418T151125580_20210418T151133580.fits'
 'ch2_cla_l1_20210418T151133580_20210418T151141580.fits'
 'ch2_cla_l1_20210418T151141580_20210418T151149580.fits'
 'ch2_cla_l1_20210418T151149580_20210418T151157580.fits'
 'ch2_cla_l1_20210418T151157580_20210418T151205580.fits'
 'ch2_cla_l1_20210418T151205580_20210418T151213580.fits'
 'ch2_cla_l1_20210418T151213580_20210418T151221580.fits'
 'ch2_cla_l1_20210418T151221580_20210418T151229580.fits'
 'ch2_cla_l1_20210418T151229580_20210418T151237580.fits'
 'ch2_cla_l1_20210418T151237580_20210418T151245580.fits'
 'ch2_cla_l1_20210418T151245580_20210418T151253580.fits'
 'ch2_cla_l1_20210418T151253580_20210418T151301580.fits'
 'ch2_cla_l1_20210418T151301580_20210418T151309580.fits'
 'ch2_cla_l1_20210418T151309580_20210418T151317580.fits'
 'ch2_cla_l1_20210418T151317580_20210418T151325580.fits'
 'ch2_cla_l1_20210418T151325580_20210418T151333580.fits'
 'ch2_cla_l1_20210418T151333580_20210418T151341580.fits'
 'ch2_cla_l1_20210418T151341580_20210418T151349580.fits'
 'ch2_cla_l1_20210418T151349580_20210418T151357580.fits'
 'ch2_cla_l1_20210418T151357580_20210418T151405580.fits'
 'ch2_cla_l1_20210418T151405580_20210418T151413580.fits'
 'ch2_cla_l1_20210418T151413580_20210418T151421580.fits'
 'ch2_cla_l1_20210418T151421580_20210418T151429580.fits'
 'ch2_cla_l1_20210418T151429580_20210418T151437580.fits'
 'ch2_cla_l1_20210418T151437580_20210418T151445580.fits'
 'ch2_cla_l1_20210418T151445580_20210418T151453580.fits'
 'ch2_cla_l1_20210418T151453580_20210418T151501580.fits'
 'ch2_cla_l1_20210418T151501580_20210418T151509580.fits'
 'ch2_cla_l1_20210418T151509580_20210418T151517580.fits'
 'ch2_cla_l1_20210418T151517580_20210418T151525580.fits'
 'ch2_cla_l1_20210418T151525580_20210418T151533580.fits'
 'ch2_cla_l1_20210418T151533580_20210418T151541580.fits'
 'ch2_cla_l1_20210418T151541580_20210418T151549580.fits'
 'ch2_cla_l1_20210418T151549580_20210418T151557580.fits'
 'ch2_cla_l1_20210418T161653580_20210418T161701580.fits'
 'ch2_cla_l1_20210418T161701580_20210418T161709580.fits'
 'ch2_cla_l1_20210418T161709580_20210418T161717580.fits'
 'ch2_cla_l1_20210418T161717580_20210418T161725580.fits'
 'ch2_cla_l1_20210418T161725580_20210418T161733580.fits'
 'ch2_cla_l1_20210418T161733580_20210418T161741580.fits'
 'ch2_cla_l1_20210418T161741580_20210418T161749580.fits'
 'ch2_cla_l1_20210418T161749580_20210418T161757580.fits'
 'ch2_cla_l1_20210418T161757580_20210418T161805580.fits'
 'ch2_cla_l1_20210418T161805580_20210418T161813580.fits'
 'ch2_cla_l1_20210418T161813580_20210418T161821580.fits'
 'ch2_cla_l1_20210418T161821580_20210418T161829580.fits'
 'ch2_cla_l1_20210418T161829580_20210418T161837580.fits'
 'ch2_cla_l1_20210418T161837580_20210418T161845580.fits'
 'ch2_cla_l1_20210418T161845580_20210418T161853580.fits'
 'ch2_cla_l1_20210418T161853580_20210418T161901580.fits'
 'ch2_cla_l1_20210418T161901580_20210418T161909580.fits'
 'ch2_cla_l1_20210418T161909580_20210418T161917580.fits'
 'ch2_cla_l1_20210418T161917580_20210418T161925580.fits'
 'ch2_cla_l1_20210418T161925580_20210418T161933580.fits'
 'ch2_cla_l1_20210418T161933580_20210418T161941580.fits'
 'ch2_cla_l1_20210418T161941580_20210418T161949580.fits'
 'ch2_cla_l1_20210418T161949580_20210418T161957580.fits'
 'ch2_cla_l1_20210418T161957580_20210418T162005580.fits'
 'ch2_cla_l1_20210418T162005580_20210418T162013580.fits'
 'ch2_cla_l1_20210418T162013580_20210418T162021580.fits'
 'ch2_cla_l1_20210418T162021580_20210418T162029580.fits'
 'ch2_cla_l1_20210418T162029580_20210418T162037580.fits'
 'ch2_cla_l1_20210418T162037580_20210418T162045580.fits'
 'ch2_cla_l1_20210418T162045580_20210418T162053580.fits'
 'ch2_cla_l1_20210418T162053580_20210418T162101580.fits'
 'ch2_cla_l1_20210418T162101580_20210418T162109580.fits'
 'ch2_cla_l1_20210418T162109580_20210418T162117580.fits'
 'ch2_cla_l1_20210418T162117580_20210418T162125580.fits'
 'ch2_cla_l1_20210418T162125580_20210418T162133580.fits'
 'ch2_cla_l1_20210418T162133580_20210418T162141580.fits'
 'ch2_cla_l1_20210418T162141580_20210418T162149580.fits'
 'ch2_cla_l1_20210418T162149580_20210418T162157580.fits'
 'ch2_cla_l1_20210418T162157580_20210418T162205580.fits'
 'ch2_cla_l1_20210418T162205580_20210418T162213580.fits'
 'ch2_cla_l1_20210418T162213580_20210418T162221580.fits'
 'ch2_cla_l1_20210418T162221580_20210418T162229580.fits'
 'ch2_cla_l1_20210418T162229580_20210418T162237580.fits'
 'ch2_cla_l1_20210418T162237580_20210418T162245580.fits'
 'ch2_cla_l1_20210418T162245580_20210418T162253580.fits'
 'ch2_cla_l1_20210418T162253580_20210418T162301580.fits'
 'ch2_cla_l1_20210418T162301580_20210418T162309580.fits'
 'ch2_cla_l1_20210418T162309580_20210418T162317580.fits'
 'ch2_cla_l1_20210418T162317580_20210418T162325580.fits'
 'ch2_cla_l1_20210418T162325580_20210418T162333580.fits'
 'ch2_cla_l1_20210418T162333580_20210418T162341580.fits'
 'ch2_cla_l1_20210418T162341580_20210418T162349580.fits'
 'ch2_cla_l1_20210418T162349580_20210418T162357580.fits'
 'ch2_cla_l1_20210418T162357580_20210418T162405580.fits'
 'ch2_cla_l1_20210418T162405580_20210418T162413580.fits'
 'ch2_cla_l1_20210418T162413580_20210418T162421580.fits'
 'ch2_cla_l1_20210418T162421580_20210418T162429580.fits'
 'ch2_cla_l1_20210418T162429580_20210418T162437580.fits'
 'ch2_cla_l1_20210418T162437580_20210418T162445580.fits'
 'ch2_cla_l1_20210418T162445580_20210418T162453580.fits'
 'ch2_cla_l1_20210418T162453580_20210418T162501580.fits'
 'ch2_cla_l1_20210418T162501580_20210418T162509580.fits'
 'ch2_cla_l1_20210418T162509580_20210418T162517580.fits'
 'ch2_cla_l1_20210418T162517580_20210418T162525580.fits'
 'ch2_cla_l1_20210418T162525580_20210418T162533580.fits'
 'ch2_cla_l1_20210418T162533580_20210418T162541580.fits'
 'ch2_cla_l1_20210418T162541580_20210418T162549580.fits'
 'ch2_cla_l1_20210418T162549580_20210418T162557580.fits'
 'ch2_cla_l1_20210418T162557580_20210418T162605580.fits'
 'ch2_cla_l1_20210418T162605580_20210418T162613580.fits'
 'ch2_cla_l1_20210418T162613580_20210418T162621580.fits'
 'ch2_cla_l1_20210418T162621580_20210418T162629580.fits'
 'ch2_cla_l1_20210418T162629580_20210418T162637580.fits'
 'ch2_cla_l1_20210418T162637580_20210418T162645580.fits'
 'ch2_cla_l1_20210418T162645580_20210418T162653580.fits'
 'ch2_cla_l1_20210418T162653580_20210418T162701580.fits'
 'ch2_cla_l1_20210418T162701580_20210418T162709580.fits'
 'ch2_cla_l1_20210418T162709580_20210418T162717580.fits'
 'ch2_cla_l1_20210418T162717580_20210418T162725580.fits'
 'ch2_cla_l1_20210418T162725580_20210418T162733580.fits'
 'ch2_cla_l1_20210418T162733580_20210418T162741580.fits'
 'ch2_cla_l1_20210418T162741580_20210418T162749580.fits'
 'ch2_cla_l1_20210418T162749580_20210418T162757580.fits'
 'ch2_cla_l1_20210418T162757580_20210418T162805580.fits'
 'ch2_cla_l1_20210418T162805580_20210418T162813580.fits'
 'ch2_cla_l1_20210418T162813580_20210418T162821580.fits'
 'ch2_cla_l1_20210418T162821580_20210418T162829580.fits'
 'ch2_cla_l1_20210418T162829580_20210418T162837580.fits'
 'ch2_cla_l1_20210418T162837580_20210418T162845580.fits'
 'ch2_cla_l1_20210418T162845580_20210418T162853580.fits'
 'ch2_cla_l1_20210418T162853580_20210418T162901580.fits'
 'ch2_cla_l1_20210418T162901580_20210418T162909580.fits'
 'ch2_cla_l1_20210418T162909580_20210418T162917580.fits'
 'ch2_cla_l1_20210418T162917580_20210418T162925580.fits'
 'ch2_cla_l1_20210418T162925580_20210418T162933580.fits'
 'ch2_cla_l1_20210418T162933580_20210418T162941580.fits'
 'ch2_cla_l1_20210418T162941580_20210418T162949580.fits'
 'ch2_cla_l1_20210418T162949580_20210418T162957580.fits'
 'ch2_cla_l1_20210418T162957580_20210418T163005580.fits'
 'ch2_cla_l1_20210418T163005580_20210418T163013580.fits'
 'ch2_cla_l1_20210418T163013580_20210418T163021580.fits'
 'ch2_cla_l1_20210418T163021580_20210418T163029580.fits'
 'ch2_cla_l1_20210418T163029580_20210418T163037580.fits'
 'ch2_cla_l1_20210418T163037580_20210418T163045580.fits'
 'ch2_cla_l1_20210418T163045580_20210418T163053580.fits'
 'ch2_cla_l1_20210418T163053580_20210418T163101580.fits'
 'ch2_cla_l1_20210418T163101580_20210418T163109580.fits'
 'ch2_cla_l1_20210418T163109580_20210418T163117580.fits'
 'ch2_cla_l1_20210418T163117580_20210418T163125580.fits'
 'ch2_cla_l1_20210418T163125580_20210418T163133580.fits'
 'ch2_cla_l1_20210418T163133580_20210418T163141580.fits'
 'ch2_cla_l1_20210418T163141580_20210418T163149580.fits'
 'ch2_cla_l1_20210418T163149580_20210418T163157580.fits'
 'ch2_cla_l1_20210418T163157580_20210418T163205580.fits']"
"['ch2_cla_l1_20210418T171417255_20210418T171425255.fits'
 'ch2_cla_l1_20210418T171425255_20210418T171433255.fits'
 'ch2_cla_l1_20210418T171433255_20210418T171441255.fits'
 'ch2_cla_l1_20210418T171441255_20210418T171449255.fits'
 'ch2_cla_l1_20210418T171449255_20210418T171457255.fits'
 'ch2_cla_l1_20210418T171457255_20210418T171505255.fits'
 'ch2_cla_l1_20210418T171505255_20210418T171513255.fits'
 'ch2_cla_l1_20210418T171513255_20210418T171521255.fits'
 'ch2_cla_l1_20210418T171521255_20210418T171529255.fits'
 'ch2_cla_l1_20210418T171529255_20210418T171537255.fits'
 'ch2_cla_l1_20210418T171537255_20210418T171545255.fits'
 'ch2_cla_l1_20210418T171545255_20210418T171553255.fits'
 'ch2_cla_l1_20210418T171553255_20210418T171601255.fits'
 'ch2_cla_l1_20210418T171601255_20210418T171609255.fits'
 'ch2_cla_l1_20210418T171609255_20210418T171617255.fits'
 'ch2_cla_l1_20210418T171617255_20210418T171625255.fits'
 'ch2_cla_l1_20210418T171625255_20210418T171633255.fits'
 'ch2_cla_l1_20210418T171633255_20210418T171641255.fits'
 'ch2_cla_l1_20210418T171641255_20210418T171649255.fits'
 'ch2_cla_l1_20210418T171649255_20210418T171657255.fits'
 'ch2_cla_l1_20210418T171657255_20210418T171705255.fits'
 'ch2_cla_l1_20210418T171705255_20210418T171713255.fits'
 'ch2_cla_l1_20210418T171713255_20210418T171721255.fits'
 'ch2_cla_l1_20210418T171721255_20210418T171729255.fits'
 'ch2_cla_l1_20210418T171729255_20210418T171737255.fits'
 'ch2_cla_l1_20210418T171737255_20210418T171745255.fits'
 'ch2_cla_l1_20210418T171745255_20210418T171753255.fits'
 'ch2_cla_l1_20210418T171753255_20210418T171801255.fits'
 'ch2_cla_l1_20210418T171801255_20210418T171809255.fits'
 'ch2_cla_l1_20210418T171809255_20210418T171817255.fits'
 'ch2_cla_l1_20210418T171817255_20210418T171825255.fits'
 'ch2_cla_l1_20210418T171825255_20210418T171833255.fits'
 'ch2_cla_l1_20210418T171833255_20210418T171841255.fits'
 'ch2_cla_l1_20210418T171841255_20210418T171849255.fits'
 'ch2_cla_l1_20210418T171849255_20210418T171857255.fits'
 'ch2_cla_l1_20210418T171857255_20210418T171905255.fits'
 'ch2_cla_l1_20210418T171905255_20210418T171913255.fits'
 'ch2_cla_l1_20210418T171913255_20210418T171921255.fits'
 'ch2_cla_l1_20210418T171921255_20210418T171929255.fits'
 'ch2_cla_l1_20210418T171929255_20210418T171937255.fits'
 'ch2_cla_l1_20210418T171937255_20210418T171945255.fits'
 'ch2_cla_l1_20210418T171945255_20210418T171953255.fits'
 'ch2_cla_l1_20210418T171953255_20210418T172001255.fits'
 'ch2_cla_l1_20210418T172001255_20210418T172009255.fits'
 'ch2_cla_l1_20210418T172009255_20210418T172017255.fits'
 'ch2_cla_l1_20210418T172017255_20210418T172025255.fits'
 'ch2_cla_l1_20210418T172025255_20210418T172033255.fits'
 'ch2_cla_l1_20210418T172033255_20210418T172041255.fits'
 'ch2_cla_l1_20210418T172041255_20210418T172049255.fits'
 'ch2_cla_l1_20210418T172049255_20210418T172057255.fits'
 'ch2_cla_l1_20210418T172057255_20210418T172105255.fits'
 'ch2_cla_l1_20210418T172105255_20210418T172113255.fits'
 'ch2_cla_l1_20210418T172113255_20210418T172121255.fits'
 'ch2_cla_l1_20210418T172121255_20210418T172129255.fits'
 'ch2_cla_l1_20210418T172129255_20210418T172137255.fits'
 'ch2_cla_l1_20210418T172137255_20210418T172145255.fits'
 'ch2_cla_l1_20210418T172145255_20210418T172153255.fits'
 'ch2_cla_l1_20210418T172153255_20210418T172201255.fits'
 'ch2_cla_l1_20210418T172201255_20210418T172209255.fits'
 'ch2_cla_l1_20210418T172209255_20210418T172217255.fits'
 'ch2_cla_l1_20210418T172217255_20210418T172225255.fits'
 'ch2_cla_l1_20210418T172225255_20210418T172233255.fits'
 'ch2_cla_l1_20210418T172233255_20210418T172241255.fits'
 'ch2_cla_l1_20210418T172241255_20210418T172249255.fits'
 'ch2_cla_l1_20210418T172249255_20210418T172257255.fits'
 'ch2_cla_l1_20210418T172257255_20210418T172305255.fits'
 'ch2_cla_l1_20210418T172305255_20210418T172313255.fits'
 'ch2_cla_l1_20210418T172313255_20210418T172321255.fits'
 'ch2_cla_l1_20210418T172321255_20210418T172329255.fits'
 'ch2_cla_l1_20210418T172329255_20210418T172337255.fits'
 'ch2_cla_l1_20210418T172337255_20210418T172345255.fits'
 'ch2_cla_l1_20210418T172345255_20210418T172353255.fits'
 'ch2_cla_l1_20210418T172353255_20210418T172401255.fits'
 'ch2_cla_l1_20210418T172401255_20210418T172409255.fits'
 'ch2_cla_l1_20210418T172409255_20210418T172417255.fits'
 'ch2_cla_l1_20210418T172417255_20210418T172425255.fits'
 'ch2_cla_l1_20210418T172425255_20210418T172433255.fits'
 'ch2_cla_l1_20210418T172433255_20210418T172441255.fits'
 'ch2_cla_l1_20210418T172441255_20210418T172449255.fits'
 'ch2_cla_l1_20210418T172449255_20210418T172457255.fits'
 'ch2_cla_l1_20210418T172457255_20210418T172505255.fits'
 'ch2_cla_l1_20210418T172505255_20210418T172513255.fits'
 'ch2_cla_l1_20210418T172513255_20210418T172521255.fits'
 'ch2_cla_l1_20210418T172521255_20210418T172529255.fits'
 'ch2_cla_l1_20210418T172529255_20210418T172537255.fits'
 'ch2_cla_l1_20210418T172537255_20210418T172545255.fits'
 'ch2_cla_l1_20210418T172545255_20210418T172553255.fits'
 'ch2_cla_l1_20210418T172553255_20210418T172601255.fits'
 'ch2_cla_l1_20210418T172601255_20210418T172609255.fits'
 'ch2_cla_l1_20210418T172609255_20210418T172617255.fits'
 'ch2_cla_l1_20210418T172617255_20210418T172625255.fits'
 'ch2_cla_l1_20210418T172625255_20210418T172633255.fits'
 'ch2_cla_l1_20210418T172633255_20210418T172641255.fits'
 'ch2_cla_l1_20210418T172641255_20210418T172649255.fits'
 'ch2_cla_l1_20210418T172649255_20210418T172657255.fits'
 'ch2_cla_l1_20210418T172657255_20210418T172705255.fits'
 'ch2_cla_l1_20210418T172705255_20210418T172713255.fits'
 'ch2_cla_l1_20210418T172713255_20210418T172721255.fits'
 'ch2_cla_l1_20210418T172721255_20210418T172729255.fits'
 'ch2_cla_l1_20210418T172729255_20210418T172737255.fits'
 'ch2_cla_l1_20210418T172737255_20210418T172745255.fits'
 'ch2_cla_l1_20210418T172745255_20210418T172753255.fits'
 'ch2_cla_l1_20210418T172753255_20210418T172801255.fits'
 'ch2_cla_l1_20210418T172801255_20210418T172809255.fits'
 'ch2_cla_l1_20210418T172809255_20210418T172817255.fits'
 'ch2_cla_l1_20210418T172817255_20210418T172825255.fits'
 'ch2_cla_l1_20210418T172825255_20210418T172833255.fits'
 'ch2_cla_l1_20210418T172833255_20210418T172841255.fits'
 'ch2_cla_l1_20210418T172841255_20210418T172849255.fits'
 'ch2_cla_l1_20210418T172849255_20210418T172857255.fits'
 'ch2_cla_l1_20210418T172857255_20210418T172905255.fits'
 'ch2_cla_l1_20210418T172905255_20210418T172913255.fits'
 'ch2_cla_l1_20210418T172913255_20210418T172921255.fits'
 'ch2_cla_l1_20210418T172921255_20210418T172929255.fits'
 'ch2_cla_l1_20210418T172929255_20210418T172937255.fits'
 'ch2_cla_l1_20210418T172937255_20210418T172945255.fits'
 'ch2_cla_l1_20210418T172945255_20210418T172953255.fits'
 'ch2_cla_l1_20210418T172953255_20210418T173001255.fits'
 'ch2_cla_l1_20210418T173001255_20210418T173009255.fits'
 'ch2_cla_l1_20210418T173009255_20210418T173017255.fits'
 'ch2_cla_l1_20210418T173017255_20210418T173025255.fits'
 'ch2_cla_l1_20210418T173025255_20210418T173033255.fits'
 'ch2_cla_l1_20210418T173033255_20210418T173041255.fits'
 'ch2_cla_l1_20210418T173041255_20210418T173049255.fits'
 'ch2_cla_l1_20210418T173049255_20210418T173057255.fits'
 'ch2_cla_l1_20210418T173057255_20210418T173105255.fits'
 'ch2_cla_l1_20210418T173105255_20210418T173113255.fits'
 'ch2_cla_l1_20210418T173113255_20210418T173121255.fits'
 'ch2_cla_l1_20210418T173121255_20210418T173129255.fits'
 'ch2_cla_l1_20210418T173129255_20210418T173137255.fits'
 'ch2_cla_l1_20210418T173137255_20210418T173145255.fits'
 'ch2_cla_l1_20210418T173145255_20210418T173153255.fits'
 'ch2_cla_l1_20210418T173153255_20210418T173201255.fits'
 'ch2_cla_l1_20210418T173201255_20210418T173209255.fits'
 'ch2_cla_l1_20210418T173209255_20210418T173217255.fits'
 'ch2_cla_l1_20210418T173217255_20210418T173225255.fits'
 'ch2_cla_l1_20210418T173225255_20210418T173233255.fits'
 'ch2_cla_l1_20210418T173233255_20210418T173241255.fits'
 'ch2_cla_l1_20210418T173241255_20210418T173249255.fits'
 'ch2_cla_l1_20210418T173249255_20210418T173257255.fits'
 'ch2_cla_l1_20210418T173257255_20210418T173305255.fits'
 'ch2_cla_l1_20210418T173305255_20210418T173313255.fits'
 'ch2_cla_l1_20210418T173313255_20210418T173321255.fits'
 'ch2_cla_l1_20210418T173321255_20210418T173329255.fits'
 'ch2_cla_l1_20210418T173329255_20210418T173337255.fits'
 'ch2_cla_l1_20210418T173337255_20210418T173345255.fits'
 'ch2_cla_l1_20210418T173345255_20210418T173353255.fits'
 'ch2_cla_l1_20210418T173353255_20210418T173401255.fits'
 'ch2_cla_l1_20210418T173401255_20210418T173409255.fits'
 'ch2_cla_l1_20210418T173409255_20210418T173417255.fits'
 'ch2_cla_l1_20210418T173417255_20210418T173425255.fits'
 'ch2_cla_l1_20210418T173425255_20210418T173433255.fits'
 'ch2_cla_l1_20210418T173433255_20210418T173441255.fits'
 'ch2_cla_l1_20210418T173441255_20210418T173449255.fits'
 'ch2_cla_l1_20210418T173449255_20210418T173457255.fits'
 'ch2_cla_l1_20210418T173457255_20210418T173505255.fits'
 'ch2_cla_l1_20210418T173505255_20210418T173513255.fits'
 'ch2_cla_l1_20210418T173513255_20210418T173521255.fits'
 'ch2_cla_l1_20210418T173521255_20210418T173529255.fits'
 'ch2_cla_l1_20210418T173529255_20210418T173537255.fits'
 'ch2_cla_l1_20210418T173537255_20210418T173545255.fits'
 'ch2_cla_l1_20210418T173545255_20210418T173553255.fits'
 'ch2_cla_l1_20210418T173553255_20210418T173601255.fits'
 'ch2_cla_l1_20210418T173601255_20210418T173609255.fits'
 'ch2_cla_l1_20210418T173609255_20210418T173617255.fits'
 'ch2_cla_l1_20210418T173617255_20210418T173625255.fits'
 'ch2_cla_l1_20210418T173625255_20210418T173633255.fits'
 'ch2_cla_l1_20210418T173633255_20210418T173641255.fits'
 'ch2_cla_l1_20210418T173641255_20210418T173649255.fits'
 'ch2_cla_l1_20210418T173649255_20210418T173657255.fits'
 'ch2_cla_l1_20210418T173657255_20210418T173705255.fits'
 'ch2_cla_l1_20210418T173705255_20210418T173713255.fits'
 'ch2_cla_l1_20210418T173713255_20210418T173721255.fits'
 'ch2_cla_l1_20210418T173721255_20210418T173729255.fits'
 'ch2_cla_l1_20210418T173729255_20210418T173737255.fits'
 'ch2_cla_l1_20210418T173737255_20210418T173745255.fits'
 'ch2_cla_l1_20210418T173745255_20210418T173753255.fits'
 'ch2_cla_l1_20210418T173753255_20210418T173801255.fits'
 'ch2_cla_l1_20210418T173801255_20210418T173809255.fits'
 'ch2_cla_l1_20210418T173809255_20210418T173817255.fits'
 'ch2_cla_l1_20210418T173817255_20210418T173825255.fits'
 'ch2_cla_l1_20210418T173825255_20210418T173833255.fits'
 'ch2_cla_l1_20210418T173833255_20210418T173841255.fits'
 'ch2_cla_l1_20210418T173841255_20210418T173849255.fits'
 'ch2_cla_l1_20210418T173849255_20210418T173857255.fits'
 'ch2_cla_l1_20210418T173857255_20210418T173905255.fits'
 'ch2_cla_l1_20210418T173905255_20210418T173913255.fits'
 'ch2_cla_l1_20210418T173913255_20210418T173921255.fits'
 'ch2_cla_l1_20210418T173921255_20210418T173929255.fits'
 'ch2_cla_l1_20210418T173929255_20210418T173937255.fits'
 'ch2_cla_l1_20210418T173937255_20210418T173945255.fits'
 'ch2_cla_l1_20210418T173945255_20210418T173953255.fits'
 'ch2_cla_l1_20210418T173953255_20210418T174001255.fits'
 'ch2_cla_l1_20210418T174001255_20210418T174009255.fits'
 'ch2_cla_l1_20210418T174009255_20210418T174017255.fits'
 'ch2_cla_l1_20210418T174017255_20210418T174025255.fits'
 'ch2_cla_l1_20210418T174025255_20210418T174033255.fits'
 'ch2_cla_l1_20210418T174033255_20210418T174041255.fits'
 'ch2_cla_l1_20210418T174041255_20210418T174049255.fits'
 'ch2_cla_l1_20210418T174049255_20210418T174057255.fits'
 'ch2_cla_l1_20210418T174057255_20210418T174105255.fits'
 'ch2_cla_l1_20210418T174105255_20210418T174113255.fits'
 'ch2_cla_l1_20210418T174113255_20210418T174121255.fits'
 'ch2_cla_l1_20210418T174121255_20210418T174129255.fits'
 'ch2_cla_l1_20210418T174129255_20210418T174137255.fits'
 'ch2_cla_l1_20210418T174137255_20210418T174145255.fits'
 'ch2_cla_l1_20210418T174145255_20210418T174153255.fits'
 'ch2_cla_l1_20210418T174153255_20210418T174201255.fits'
 'ch2_cla_l1_20210418T174201255_20210418T174209255.fits'
 'ch2_cla_l1_20210418T174209255_20210418T174217255.fits'
 'ch2_cla_l1_20210418T174217255_20210418T174225255.fits'
 'ch2_cla_l1_20210418T174225255_20210418T174233255.fits'
 'ch2_cla_l1_20210418T174233255_20210418T174241255.fits'
 'ch2_cla_l1_20210418T174241255_20210418T174249255.fits'
 'ch2_cla_l1_20210418T174249255_20210418T174257255.fits'
 'ch2_cla_l1_20210418T174257255_20210418T174305255.fits'
 'ch2_cla_l1_20210418T174305255_20210418T174313255.fits'
 'ch2_cla_l1_20210418T174313255_20210418T174321255.fits'
 'ch2_cla_l1_20210418T174321255_20210418T174329255.fits'
 'ch2_cla_l1_20210418T174329255_20210418T174337255.fits'
 'ch2_cla_l1_20210418T174337255_20210418T174345255.fits'
 'ch2_cla_l1_20210418T174345255_20210418T174353255.fits'
 'ch2_cla_l1_20210418T174353255_20210418T174401255.fits'
 'ch2_cla_l1_20210418T174401255_20210418T174409255.fits'
 'ch2_cla_l1_20210418T174409255_20210418T174417255.fits'
 'ch2_cla_l1_20210418T174417255_20210418T174425255.fits'
 'ch2_cla_l1_20210418T174425255_20210418T174433255.fits'
 'ch2_cla_l1_20210418T174433255_20210418T174441255.fits'
 'ch2_cla_l1_20210418T174441255_20210418T174449255.fits'
 'ch2_cla_l1_20210418T174449255_20210418T174457255.fits'
 'ch2_cla_l1_20210418T174457255_20210418T174505255.fits'
 'ch2_cla_l1_20210418T174505255_20210418T174513255.fits'
 'ch2_cla_l1_20210418T174513255_20210418T174521255.fits'
 'ch2_cla_l1_20210418T174521255_20210418T174529255.fits'
 'ch2_cla_l1_20210418T174529255_20210418T174537255.fits'
 'ch2_cla_l1_20210418T174537255_20210418T174545255.fits'
 'ch2_cla_l1_20210418T174545255_20210418T174553255.fits'
 'ch2_cla_l1_20210418T174553255_20210418T174601255.fits'
 'ch2_cla_l1_20210418T174601255_20210418T174609255.fits'
 'ch2_cla_l1_20210418T174609255_20210418T174617255.fits'
 'ch2_cla_l1_20210418T174617255_20210418T174625255.fits'
 'ch2_cla_l1_20210418T174625255_20210418T174633255.fits'
 'ch2_cla_l1_20210418T174633255_20210418T174641255.fits'
 'ch2_cla_l1_20210418T174641255_20210418T174649255.fits'
 'ch2_cla_l1_20210418T174649255_20210418T174657255.fits'
 'ch2_cla_l1_20210418T174657255_20210418T174705255.fits'
 'ch2_cla_l1_20210418T174705255_20210418T174713255.fits'
 'ch2_cla_l1_20210418T174713255_20210418T174721255.fits'
 'ch2_cla_l1_20210418T174721255_20210418T174729255.fits'
 'ch2_cla_l1_20210418T174729255_20210418T174737255.fits'
 'ch2_cla_l1_20210418T174737255_20210418T174745255.fits'
 'ch2_cla_l1_20210418T174745255_20210418T174753255.fits'
 'ch2_cla_l1_20210418T174753255_20210418T174801255.fits'
 'ch2_cla_l1_20210418T174801255_20210418T174809255.fits'
 'ch2_cla_l1_20210418T174809255_20210418T174817255.fits'
 'ch2_cla_l1_20210418T174817255_20210418T174825255.fits'
 'ch2_cla_l1_20210418T174825255_20210418T174833255.fits'
 'ch2_cla_l1_20210418T174833255_20210418T174841255.fits'
 'ch2_cla_l1_20210418T174841255_20210418T174849255.fits'
 'ch2_cla_l1_20210418T174849255_20210418T174857255.fits'
 'ch2_cla_l1_20210418T174857255_20210418T174905255.fits'
 'ch2_cla_l1_20210418T174905255_20210418T174913255.fits'
 'ch2_cla_l1_20210418T174913255_20210418T174921255.fits'
 'ch2_cla_l1_20210418T174921255_20210418T174929255.fits'
 'ch2_cla_l1_20210418T174929255_20210418T174937255.fits'
 'ch2_cla_l1_20210418T174937255_20210418T174945255.fits'
 'ch2_cla_l1_20210418T174945255_20210418T174953255.fits'
 'ch2_cla_l1_20210418T174953255_20210418T175001255.fits'
 'ch2_cla_l1_20210418T175001255_20210418T175009255.fits'
 'ch2_cla_l1_20210418T175009255_20210418T175017255.fits'
 'ch2_cla_l1_20210418T175017255_20210418T175025255.fits'
 'ch2_cla_l1_20210418T175025255_20210418T175033255.fits'
 'ch2_cla_l1_20210418T175033255_20210418T175041255.fits'
 'ch2_cla_l1_20210418T175041255_20210418T175049255.fits'
 'ch2_cla_l1_20210418T175049255_20210418T175057255.fits'
 'ch2_cla_l1_20210418T175057255_20210418T175105255.fits'
 'ch2_cla_l1_20210418T175105255_20210418T175113255.fits'
 'ch2_cla_l1_20210418T175113255_20210418T175121255.fits'
 'ch2_cla_l1_20210418T175121255_20210418T175129255.fits'
 'ch2_cla_l1_20210418T175129255_20210418T175137255.fits'
 'ch2_cla_l1_20210418T175137255_20210418T175145255.fits'
 'ch2_cla_l1_20210418T175145255_20210418T175153255.fits'
 'ch2_cla_l1_20210418T175153255_20210418T175201255.fits'
 'ch2_cla_l1_20210418T175201255_20210418T175209255.fits'
 'ch2_cla_l1_20210418T175209255_20210418T175217255.fits'
 'ch2_cla_l1_20210418T175217255_20210418T175225255.fits'
 'ch2_cla_l1_20210418T175225255_20210418T175233255.fits'
 'ch2_cla_l1_20210418T175233255_20210418T175241255.fits'
 'ch2_cla_l1_20210418T175241255_20210418T175249255.fits'
 'ch2_cla_l1_20210418T175249255_20210418T175257255.fits'
 'ch2_cla_l1_20210418T175257255_20210418T175305255.fits'
 'ch2_cla_l1_20210418T175305255_20210418T175313255.fits'
 'ch2_cla_l1_20210418T175313255_20210418T175321255.fits'
 'ch2_cla_l1_20210418T175321255_20210418T175329255.fits'
 'ch2_cla_l1_20210418T175329255_20210418T175337255.fits'
 'ch2_cla_l1_20210418T175337255_20210418T175345255.fits'
 'ch2_cla_l1_20210418T175345255_20210418T175353255.fits'
 'ch2_cla_l1_20210418T175353255_20210418T175401255.fits'
 'ch2_cla_l1_20210418T175401255_20210418T175409255.fits'
 'ch2_cla_l1_20210418T175409255_20210418T175417255.fits'
 'ch2_cla_l1_20210418T175417255_20210418T175425255.fits'
 'ch2_cla_l1_20210418T175425255_20210418T175433255.fits'
 'ch2_cla_l1_20210418T175433255_20210418T175441255.fits'
 'ch2_cla_l1_20210418T175441255_20210418T175449255.fits'
 'ch2_cla_l1_20210418T175449255_20210418T175457255.fits'
 'ch2_cla_l1_20210418T175457255_20210418T175505255.fits'
 'ch2_cla_l1_20210418T175505255_20210418T175513255.fits'
 'ch2_cla_l1_20210418T175513255_20210418T175521255.fits'
 'ch2_cla_l1_20210418T175521255_20210418T175529255.fits'
 'ch2_cla_l1_20210418T175529255_20210418T175537255.fits'
 'ch2_cla_l1_20210418T175537255_20210418T175545255.fits'
 'ch2_cla_l1_20210418T175545255_20210418T175553255.fits'
 'ch2_cla_l1_20210418T175553255_20210418T175601255.fits'
 'ch2_cla_l1_20210418T175601255_20210418T175609255.fits'
 'ch2_cla_l1_20210418T175609255_20210418T175617255.fits'
 'ch2_cla_l1_20210418T175617255_20210418T175625255.fits'
 'ch2_cla_l1_20210418T175625255_20210418T175633255.fits'
 'ch2_cla_l1_20210418T175633255_20210418T175641255.fits'
 'ch2_cla_l1_20210418T175641255_20210418T175649255.fits'
 'ch2_cla_l1_20210418T175649255_20210418T175657255.fits'
 'ch2_cla_l1_20210418T175657255_20210418T175705255.fits'
 'ch2_cla_l1_20210418T175705255_20210418T175713255.fits'
 'ch2_cla_l1_20210418T175713255_20210418T175721255.fits'
 'ch2_cla_l1_20210418T175721255_20210418T175729255.fits'
 'ch2_cla_l1_20210418T175729255_20210418T175737255.fits'
 'ch2_cla_l1_20210418T175737255_20210418T175745255.fits'
 'ch2_cla_l1_20210418T175745255_20210418T175753255.fits'
 'ch2_cla_l1_20210418T175753255_20210418T175801255.fits'
 'ch2_cla_l1_20210418T175801255_20210418T175809255.fits'
 'ch2_cla_l1_20210418T175809255_20210418T175817255.fits'
 'ch2_cla_l1_20210418T175817255_20210418T175825255.fits'
 'ch2_cla_l1_20210418T175825255_20210418T175833255.fits'
 'ch2_cla_l1_20210418T175833255_20210418T175841255.fits'
 'ch2_cla_l1_20210418T175841255_20210418T175849255.fits'
 'ch2_cla_l1_20210418T175849255_20210418T175857255.fits'
 'ch2_cla_l1_20210418T175857255_20210418T175905255.fits'
 'ch2_cla_l1_20210418T175905255_20210418T175913255.fits'
 'ch2_cla_l1_20210418T175913255_20210418T175921255.fits'
 'ch2_cla_l1_20210418T175921255_20210418T175929255.fits'
 'ch2_cla_l1_20210418T175929255_20210418T175937255.fits'
 'ch2_cla_l1_20210418T175937255_20210418T175945255.fits'
 'ch2_cla_l1_20210418T175945255_20210418T175953255.fits'
 'ch2_cla_l1_20210418T175953255_20210418T180001255.fits'
 'ch2_cla_l1_20210418T180001255_20210418T180009255.fits'
 'ch2_cla_l1_20210418T180009255_20210418T180017255.fits'
 'ch2_cla_l1_20210418T180017255_20210418T180025255.fits'
 'ch2_cla_l1_20210418T180025255_20210418T180033255.fits'
 'ch2_cla_l1_20210418T180033255_20210418T180041255.fits'
 'ch2_cla_l1_20210418T180041255_20210418T180049255.fits'
 'ch2_cla_l1_20210418T180049255_20210418T180057255.fits'
 'ch2_cla_l1_20210418T180057255_20210418T180105255.fits'
 'ch2_cla_l1_20210418T180105255_20210418T180113255.fits'
 'ch2_cla_l1_20210418T180113255_20210418T180121255.fits'
 'ch2_cla_l1_20210418T180121255_20210418T180129255.fits'
 'ch2_cla_l1_20210418T180129255_20210418T180137255.fits'
 'ch2_cla_l1_20210418T180137255_20210418T180145255.fits'
 'ch2_cla_l1_20210418T180145255_20210418T180153255.fits'
 'ch2_cla_l1_20210418T180153255_20210418T180201255.fits'
 'ch2_cla_l1_20210418T180201255_20210418T180209255.fits'
 'ch2_cla_l1_20210418T180209255_20210418T180217255.fits'
 'ch2_cla_l1_20210418T180217255_20210418T180225255.fits'
 'ch2_cla_l1_20210418T180225255_20210418T180233255.fits'
 'ch2_cla_l1_20210418T180233255_20210418T180241255.fits'
 'ch2_cla_l1_20210418T180241255_20210418T180249255.fits'
 'ch2_cla_l1_20210418T180249255_20210418T180257255.fits'
 'ch2_cla_l1_20210418T180257255_20210418T180305255.fits'
 'ch2_cla_l1_20210418T180305255_20210418T180313255.fits'
 'ch2_cla_l1_20210418T180313255_20210418T180321255.fits'
 'ch2_cla_l1_20210418T180321255_20210418T180329255.fits'
 'ch2_cla_l1_20210418T180329255_20210418T180337255.fits'
 'ch2_cla_l1_20210418T180337255_20210418T180345255.fits'
 'ch2_cla_l1_20210418T180345255_20210418T180353255.fits'
 'ch2_cla_l1_20210418T180353255_20210418T180401255.fits'
 'ch2_cla_l1_20210418T180401255_20210418T180409255.fits'
 'ch2_cla_l1_20210418T180409255_20210418T180417255.fits'
 'ch2_cla_l1_20210418T180417255_20210418T180425255.fits'
 'ch2_cla_l1_20210418T180425255_20210418T180433255.fits'
 'ch2_cla_l1_20210418T180433255_20210418T180441255.fits'
 'ch2_cla_l1_20210418T180441255_20210418T180449255.fits'
 'ch2_cla_l1_20210418T180449255_20210418T180457255.fits'
 'ch2_cla_l1_20210418T180457255_20210418T180505255.fits'
 'ch2_cla_l1_20210418T180505255_20210418T180513255.fits'
 'ch2_cla_l1_20210418T180513255_20210418T180521255.fits'
 'ch2_cla_l1_20210418T180521255_20210418T180529255.fits'
 'ch2_cla_l1_20210418T180529255_20210418T180537255.fits'
 'ch2_cla_l1_20210418T180537255_20210418T180545255.fits'
 'ch2_cla_l1_20210418T180545255_20210418T180553255.fits'
 'ch2_cla_l1_20210418T180553255_20210418T180601255.fits'
 'ch2_cla_l1_20210418T180601255_20210418T180609255.fits'
 'ch2_cla_l1_20210418T180609255_20210418T180617255.fits'
 'ch2_cla_l1_20210418T180617255_20210418T180625255.fits'
 'ch2_cla_l1_20210418T180625255_20210418T180633255.fits'
 'ch2_cla_l1_20210418T180633255_20210418T180641255.fits'
 'ch2_cla_l1_20210418T180641255_20210418T180649255.fits'
 'ch2_cla_l1_20210418T180649255_20210418T180657255.fits'
 'ch2_cla_l1_20210418T180657255_20210418T180705255.fits'
 'ch2_cla_l1_20210418T180705255_20210418T180713255.fits'
 'ch2_cla_l1_20210418T180713255_20210418T180721255.fits'
 'ch2_cla_l1_20210418T180721255_20210418T180729255.fits'
 'ch2_cla_l1_20210418T180729255_20210418T180737255.fits'
 'ch2_cla_l1_20210418T180737255_20210418T180745255.fits'
 'ch2_cla_l1_20210418T180745255_20210418T180753255.fits'
 'ch2_cla_l1_20210418T180753255_20210418T180801255.fits'
 'ch2_cla_l1_20210418T180801255_20210418T180809255.fits'
 'ch2_cla_l1_20210418T180809255_20210418T180817255.fits'
 'ch2_cla_l1_20210418T180817255_20210418T180825255.fits'
 'ch2_cla_l1_20210418T180825255_20210418T180833255.fits'
 'ch2_cla_l1_20210418T180833255_20210418T180841255.fits'
 'ch2_cla_l1_20210418T180841255_20210418T180849255.fits'
 'ch2_cla_l1_20210418T180849255_20210418T180857255.fits'
 'ch2_cla_l1_20210418T180857255_20210418T180905255.fits'
 'ch2_cla_l1_20210418T180905255_20210418T180913255.fits'
 'ch2_cla_l1_20210418T180913255_20210418T180921255.fits'
 'ch2_cla_l1_20210418T180921255_20210418T180929255.fits'
 'ch2_cla_l1_20210418T180929255_20210418T180937255.fits'
 'ch2_cla_l1_20210418T180937255_20210418T180945255.fits'
 'ch2_cla_l1_20210418T180945255_20210418T180953255.fits'
 'ch2_cla_l1_20210418T180953255_20210418T181001255.fits'
 'ch2_cla_l1_20210418T181001255_20210418T181009255.fits'
 'ch2_cla_l1_20210418T181009255_20210418T181017255.fits'
 'ch2_cla_l1_20210418T181017255_20210418T181025255.fits'
 'ch2_cla_l1_20210418T181025255_20210418T181033255.fits'
 'ch2_cla_l1_20210418T181033255_20210418T181041255.fits'
 'ch2_cla_l1_20210418T181041255_20210418T181049255.fits'
 'ch2_cla_l1_20210418T181049255_20210418T181057255.fits'
 'ch2_cla_l1_20210418T181057255_20210418T181105255.fits'
 'ch2_cla_l1_20210418T181105255_20210418T181113255.fits'
 'ch2_cla_l1_20210418T181113255_20210418T181121255.fits'
 'ch2_cla_l1_20210418T181121255_20210418T181129255.fits'
 'ch2_cla_l1_20210418T181129255_20210418T181137255.fits'
 'ch2_cla_l1_20210418T181137255_20210418T181145255.fits'
 'ch2_cla_l1_20210418T181145255_20210418T181153255.fits'
 'ch2_cla_l1_20210418T181153255_20210418T181201255.fits'
 'ch2_cla_l1_20210418T181201255_20210418T181209255.fits'
 'ch2_cla_l1_20210418T181209255_20210418T181217255.fits'
 'ch2_cla_l1_20210418T181217255_20210418T181225255.fits'
 'ch2_cla_l1_20210418T181225255_20210418T181233255.fits'
 'ch2_cla_l1_20210418T181233255_20210418T181241255.fits'
 'ch2_cla_l1_20210418T181241255_20210418T181249255.fits'
 'ch2_cla_l1_20210418T181249255_20210418T181257255.fits'
 'ch2_cla_l1_20210418T181257255_20210418T181305255.fits'
 'ch2_cla_l1_20210418T181305255_20210418T181313255.fits'
 'ch2_cla_l1_20210418T181313255_20210418T181321255.fits'
 'ch2_cla_l1_20210418T181321255_20210418T181329255.fits'
 'ch2_cla_l1_20210418T181329255_20210418T181337255.fits'
 'ch2_cla_l1_20210418T181337255_20210418T181345255.fits']","['ch2_cla_l1_20210418T163205580_20210418T163210990.fits'
 'ch2_cla_l1_20210418T165841255_20210418T165849255.fits'
 'ch2_cla_l1_20210418T165849255_20210418T165857255.fits'
 'ch2_cla_l1_20210418T165857255_20210418T165905255.fits'
 'ch2_cla_l1_20210418T165905255_20210418T165913255.fits'
 'ch2_cla_l1_20210418T165913255_20210418T165921255.fits'
 'ch2_cla_l1_20210418T165921255_20210418T165929255.fits'
 'ch2_cla_l1_20210418T165929255_20210418T165937255.fits'
 'ch2_cla_l1_20210418T165937255_20210418T165945255.fits'
 'ch2_cla_l1_20210418T165945255_20210418T165953255.fits'
 'ch2_cla_l1_20210418T165953255_20210418T170001255.fits'
 'ch2_cla_l1_20210418T170001255_20210418T170009255.fits'
 'ch2_cla_l1_20210418T170009255_20210418T170017255.fits'
 'ch2_cla_l1_20210418T170017255_20210418T170025255.fits'
 'ch2_cla_l1_20210418T170025255_20210418T170033255.fits'
 'ch2_cla_l1_20210418T170033255_20210418T170041255.fits'
 'ch2_cla_l1_20210418T170041255_20210418T170049255.fits'
 'ch2_cla_l1_20210418T170049255_20210418T170057255.fits'
 'ch2_cla_l1_20210418T170057255_20210418T170105255.fits'
 'ch2_cla_l1_20210418T170105255_20210418T170113255.fits'
 'ch2_cla_l1_20210418T170113255_20210418T170121255.fits'
 'ch2_cla_l1_20210418T170121255_20210418T170129255.fits'
 'ch2_cla_l1_20210418T170129255_20210418T170137255.fits'
 'ch2_cla_l1_20210418T170137255_20210418T170145255.fits'
 'ch2_cla_l1_20210418T170145255_20210418T170153255.fits'
 'ch2_cla_l1_20210418T170153255_20210418T170201255.fits'
 'ch2_cla_l1_20210418T170201255_20210418T170209255.fits'
 'ch2_cla_l1_20210418T170209255_20210418T170217255.fits'
 'ch2_cla_l1_20210418T170217255_20210418T170225255.fits'
 'ch2_cla_l1_20210418T170225255_20210418T170233255.fits'
 'ch2_cla_l1_20210418T170233255_20210418T170241255.fits'
 'ch2_cla_l1_20210418T170241255_20210418T170249255.fits'
 'ch2_cla_l1_20210418T170249255_20210418T170257255.fits'
 'ch2_cla_l1_20210418T170257255_20210418T170305255.fits'
 'ch2_cla_l1_20210418T170305255_20210418T170313255.fits'
 'ch2_cla_l1_20210418T170313255_20210418T170321255.fits'
 'ch2_cla_l1_20210418T170321255_20210418T170329255.fits'
 'ch2_cla_l1_20210418T170329255_20210418T170337255.fits'
 'ch2_cla_l1_20210418T170337255_20210418T170345255.fits'
 'ch2_cla_l1_20210418T170345255_20210418T170353255.fits'
 'ch2_cla_l1_20210418T170353255_20210418T170401255.fits'
 'ch2_cla_l1_20210418T170401255_20210418T170409255.fits'
 'ch2_cla_l1_20210418T170409255_20210418T170417255.fits'
 'ch2_cla_l1_20210418T170417255_20210418T170425255.fits'
 'ch2_cla_l1_20210418T170425255_20210418T170433255.fits'
 'ch2_cla_l1_20210418T170433255_20210418T170441255.fits'
 'ch2_cla_l1_20210418T170441255_20210418T170449255.fits'
 'ch2_cla_l1_20210418T170449255_20210418T170457255.fits'
 'ch2_cla_l1_20210418T170457255_20210418T170505255.fits'
 'ch2_cla_l1_20210418T170505255_20210418T170513255.fits'
 'ch2_cla_l1_20210418T170513255_20210418T170521255.fits'
 'ch2_cla_l1_20210418T170521255_20210418T170529255.fits'
 'ch2_cla_l1_20210418T170529255_20210418T170537255.fits'
 'ch2_cla_l1_20210418T170537255_20210418T170545255.fits'
 'ch2_cla_l1_20210418T170545255_20210418T170553255.fits'
 'ch2_cla_l1_20210418T170553255_20210418T170601255.fits'
 'ch2_cla_l1_20210418T170601255_20210418T170609255.fits'
 'ch2_cla_l1_20210418T170609255_20210418T170617255.fits'
 'ch2_cla_l1_20210418T170617255_20210418T170625255.fits'
 'ch2_cla_l1_20210418T170625255_20210418T170633255.fits'
 'ch2_cla_l1_20210418T170633255_20210418T170641255.fits'
 'ch2_cla_l1_20210418T170641255_20210418T170649255.fits'
 'ch2_cla_l1_20210418T170649255_20210418T170657255.fits'
 'ch2_cla_l1_20210418T170657255_20210418T170705255.fits'
 'ch2_cla_l1_20210418T170705255_20210418T170713255.fits'
 'ch2_cla_l1_20210418T170713255_20210418T170721255.fits'
 'ch2_cla_l1_20210418T170721255_20210418T170729255.fits'
 'ch2_cla_l1_20210418T170729255_20210418T170737255.fits'
 'ch2_cla_l1_20210418T170737255_20210418T170745255.fits'
 'ch2_cla_l1_20210418T170745255_20210418T170753255.fits'
 'ch2_cla_l1_20210418T170753255_20210418T170801255.fits'
 'ch2_cla_l1_20210418T170801255_20210418T170809255.fits'
 'ch2_cla_l1_20210418T170809255_20210418T170817255.fits'
 'ch2_cla_l1_20210418T170817255_20210418T170825255.fits'
 'ch2_cla_l1_20210418T170825255_20210418T170833255.fits'
 'ch2_cla_l1_20210418T170833255_20210418T170841255.fits'
 'ch2_cla_l1_20210418T170841255_20210418T170849255.fits'
 'ch2_cla_l1_20210418T170849255_20210418T170857255.fits'
 'ch2_cla_l1_20210418T170857255_20210418T170905255.fits'
 'ch2_cla_l1_20210418T170905255_20210418T170913255.fits'
 'ch2_cla_l1_20210418T170913255_20210418T170921255.fits'
 'ch2_cla_l1_20210418T170921255_20210418T170929255.fits'
 'ch2_cla_l1_20210418T170929255_20210418T170937255.fits'
 'ch2_cla_l1_20210418T170937255_20210418T170945255.fits'
 'ch2_cla_l1_20210418T170945255_20210418T170953255.fits'
 'ch2_cla_l1_20210418T170953255_20210418T171001255.fits'
 'ch2_cla_l1_20210418T171001255_20210418T171009255.fits'
 'ch2_cla_l1_20210418T171009255_20210418T171017255.fits'
 'ch2_cla_l1_20210418T171017255_20210418T171025255.fits'
 'ch2_cla_l1_20210418T171025255_20210418T171033255.fits'
 'ch2_cla_l1_20210418T171033255_20210418T171041255.fits'
 'ch2_cla_l1_20210418T171041255_20210418T171049255.fits'
 'ch2_cla_l1_20210418T171049255_20210418T171057255.fits'
 'ch2_cla_l1_20210418T171057255_20210418T171105255.fits'
 'ch2_cla_l1_20210418T171105255_20210418T171113255.fits'
 'ch2_cla_l1_20210418T171113255_20210418T171121255.fits'
 'ch2_cla_l1_20210418T171121255_20210418T171129255.fits'
 'ch2_cla_l1_20210418T171129255_20210418T171137255.fits'
 'ch2_cla_l1_20210418T171137255_20210418T171145255.fits'
 'ch2_cla_l1_20210418T171145255_20210418T171153255.fits'
 'ch2_cla_l1_20210418T171153255_20210418T171201255.fits'
 'ch2_cla_l1_20210418T171201255_20210418T171209255.fits'
 'ch2_cla_l1_20210418T171209255_20210418T171217255.fits'
 'ch2_cla_l1_20210418T171217255_20210418T171225255.fits'
 'ch2_cla_l1_20210418T171225255_20210418T171233255.fits'
 'ch2_cla_l1_20210418T171233255_20210418T171241255.fits'
 'ch2_cla_l1_20210418T171241255_20210418T171249255.fits'
 'ch2_cla_l1_20210418T171249255_20210418T171257255.fits'
 'ch2_cla_l1_20210418T171257255_20210418T171305255.fits'
 'ch2_cla_l1_20210418T171305255_20210418T171313255.fits'
 'ch2_cla_l1_20210418T171313255_20210418T171321255.fits'
 'ch2_cla_l1_20210418T171321255_20210418T171329255.fits'
 'ch2_cla_l1_20210418T171329255_20210418T171337255.fits'
 'ch2_cla_l1_20210418T181425255_20210418T181433255.fits'
 'ch2_cla_l1_20210418T181433255_20210418T181441255.fits'
 'ch2_cla_l1_20210418T181441255_20210418T181449255.fits'
 'ch2_cla_l1_20210418T181449255_20210418T181457255.fits'
 'ch2_cla_l1_20210418T181457255_20210418T181505255.fits'
 'ch2_cla_l1_20210418T181505255_20210418T181513255.fits'
 'ch2_cla_l1_20210418T181513255_20210418T181521255.fits'
 'ch2_cla_l1_20210418T181521255_20210418T181529255.fits'
 'ch2_cla_l1_20210418T181529255_20210418T181537255.fits'
 'ch2_cla_l1_20210418T181537255_20210418T181545255.fits'
 'ch2_cla_l1_20210418T181545255_20210418T181553255.fits'
 'ch2_cla_l1_20210418T181553255_20210418T181601255.fits'
 'ch2_cla_l1_20210418T181601255_20210418T181609255.fits'
 'ch2_cla_l1_20210418T181609255_20210418T181617255.fits'
 'ch2_cla_l1_20210418T181617255_20210418T181625255.fits'
 'ch2_cla_l1_20210418T181625255_20210418T181633255.fits'
 'ch2_cla_l1_20210418T181633255_20210418T181641255.fits'
 'ch2_cla_l1_20210418T181641255_20210418T181649255.fits'
 'ch2_cla_l1_20210418T181649255_20210418T181657255.fits'
 'ch2_cla_l1_20210418T181657255_20210418T181705255.fits'
 'ch2_cla_l1_20210418T181705255_20210418T181713255.fits'
 'ch2_cla_l1_20210418T181713255_20210418T181721255.fits'
 'ch2_cla_l1_20210418T181721255_20210418T181729255.fits'
 'ch2_cla_l1_20210418T181729255_20210418T181737255.fits'
 'ch2_cla_l1_20210418T181737255_20210418T181745255.fits'
 'ch2_cla_l1_20210418T181745255_20210418T181753255.fits'
 'ch2_cla_l1_20210418T181753255_20210418T181801255.fits'
 'ch2_cla_l1_20210418T181801255_20210418T181809255.fits'
 'ch2_cla_l1_20210418T181809255_20210418T181817255.fits'
 'ch2_cla_l1_20210418T181817255_20210418T181825255.fits'
 'ch2_cla_l1_20210418T181825255_20210418T181833255.fits'
 'ch2_cla_l1_20210418T181833255_20210418T181841255.fits'
 'ch2_cla_l1_20210418T181841255_20210418T181849255.fits'
 'ch2_cla_l1_20210418T181849255_20210418T181857255.fits'
 'ch2_cla_l1_20210418T181857255_20210418T181905255.fits'
 'ch2_cla_l1_20210418T181905255_20210418T181913255.fits'
 'ch2_cla_l1_20210418T181913255_20210418T181921255.fits'
 'ch2_cla_l1_20210418T181921255_20210418T181929255.fits'
 'ch2_cla_l1_20210418T181929255_20210418T181937255.fits'
 'ch2_cla_l1_20210418T181937255_20210418T181945255.fits'
 'ch2_cla_l1_20210418T181945255_20210418T181953255.fits'
 'ch2_cla_l1_20210418T181953255_20210418T182001255.fits'
 'ch2_cla_l1_20210418T182001255_20210418T182009255.fits'
 'ch2_cla_l1_20210418T182009255_20210418T182017255.fits'
 'ch2_cla_l1_20210418T182017255_20210418T182025255.fits'
 'ch2_cla_l1_20210418T182025255_20210418T182033255.fits'
 'ch2_cla_l1_20210418T182033255_20210418T182041255.fits'
 'ch2_cla_l1_20210418T182041255_20210418T182049255.fits'
 'ch2_cla_l1_20210418T182049255_20210418T182057255.fits'
 'ch2_cla_l1_20210418T182057255_20210418T182105255.fits'
 'ch2_cla_l1_20210418T182105255_20210418T182113255.fits'
 'ch2_cla_l1_20210418T182113255_20210418T182121255.fits'
 'ch2_cla_l1_20210418T182121255_20210418T182129255.fits'
 'ch2_cla_l1_20210418T182129255_20210418T182137255.fits'
 'ch2_cla_l1_20210418T182137255_20210418T182145255.fits'
 'ch2_cla_l1_20210418T182145255_20210418T182153255.fits'
 'ch2_cla_l1_20210418T182153255_20210418T182201255.fits'
 'ch2_cla_l1_20210418T182201255_20210418T182209255.fits'
 'ch2_cla_l1_20210418T182209255_20210418T182217255.fits'
 'ch2_cla_l1_20210418T182217255_20210418T182225255.fits'
 'ch2_cla_l1_20210418T182225255_20210418T182233255.fits'
 'ch2_cla_l1_20210418T182233255_20210418T182241255.fits'
 'ch2_cla_l1_20210418T182241255_20210418T182249255.fits'
 'ch2_cla_l1_20210418T182249255_20210418T182257255.fits'
 'ch2_cla_l1_20210418T182257255_20210418T182305255.fits'
 'ch2_cla_l1_20210418T182305255_20210418T182313255.fits'
 'ch2_cla_l1_20210418T182313255_20210418T182321255.fits'
 'ch2_cla_l1_20210418T182321255_20210418T182329255.fits'
 'ch2_cla_l1_20210418T182329255_20210418T182337255.fits'
 'ch2_cla_l1_20210418T182337255_20210418T182345255.fits'
 'ch2_cla_l1_20210418T182345255_20210418T182353255.fits'
 'ch2_cla_l1_20210418T182353255_20210418T182401255.fits'
 'ch2_cla_l1_20210418T182401255_20210418T182409255.fits'
 'ch2_cla_l1_20210418T182409255_20210418T182417255.fits'
 'ch2_cla_l1_20210418T182417255_20210418T182425255.fits'
 'ch2_cla_l1_20210418T182425255_20210418T182433255.fits'
 'ch2_cla_l1_20210418T182433255_20210418T182441255.fits'
 'ch2_cla_l1_20210418T182441255_20210418T182449255.fits'
 'ch2_cla_l1_20210418T182449255_20210418T182457255.fits'
 'ch2_cla_l1_20210418T182457255_20210418T182505255.fits'
 'ch2_cla_l1_20210418T182505255_20210418T182513255.fits'
 'ch2_cla_l1_20210418T182513255_20210418T182521255.fits'
 'ch2_cla_l1_20210418T182521255_20210418T182529255.fits'
 'ch2_cla_l1_20210418T182529255_20210418T182537255.fits'
 'ch2_cla_l1_20210418T182537255_20210418T182545255.fits'
 'ch2_cla_l1_20210418T182545255_20210418T182553255.fits'
 'ch2_cla_l1_20210418T182553255_20210418T182601255.fits'
 'ch2_cla_l1_20210418T182601255_20210418T182609255.fits'
 'ch2_cla_l1_20210418T182609255_20210418T182617255.fits'
 'ch2_cla_l1_20210418T182617255_20210418T182625255.fits'
 'ch2_cla_l1_20210418T182625255_20210418T182633255.fits'
 'ch2_cla_l1_20210418T182633255_20210418T182641255.fits'
 'ch2_cla_l1_20210418T182641255_20210418T182649255.fits'
 'ch2_cla_l1_20210418T182649255_20210418T182657255.fits'
 'ch2_cla_l1_20210418T182657255_20210418T182705255.fits'
 'ch2_cla_l1_20210418T182705255_20210418T182713255.fits'
 'ch2_cla_l1_20210418T182713255_20210418T182721255.fits'
 'ch2_cla_l1_20210418T182721255_20210418T182729255.fits'
 'ch2_cla_l1_20210418T182729255_20210418T182737255.fits'
 'ch2_cla_l1_20210418T182737255_20210418T182745255.fits'
 'ch2_cla_l1_20210418T182745255_20210418T182753255.fits'
 'ch2_cla_l1_20210418T182753255_20210418T182801255.fits'
 'ch2_cla_l1_20210418T182801255_20210418T182809255.fits'
 'ch2_cla_l1_20210418T182809255_20210418T182817255.fits'
 'ch2_cla_l1_20210418T182817255_20210418T182825255.fits'
 'ch2_cla_l1_20210418T182825255_20210418T182833255.fits'
 'ch2_cla_l1_20210418T182833255_20210418T182841255.fits'
 'ch2_cla_l1_20210418T182841255_20210418T182849255.fits'
 'ch2_cla_l1_20210418T182849255_20210418T182857255.fits'
 'ch2_cla_l1_20210418T182857255_20210418T182905255.fits'
 'ch2_cla_l1_20210418T182905255_20210418T182913255.fits'
 'ch2_cla_l1_20210418T182913255_20210418T182921255.fits'
 'ch2_cla_l1_20210418T182921255_20210418T182929255.fits'
 'ch2_cla_l1_20210418T182929255_20210418T182937255.fits'
 'ch2_cla_l1_20210418T182937255_20210418T182945255.fits']"
"['ch2_cla_l1_20210418T210929040_20210418T210937040.fits'
 'ch2_cla_l1_20210418T210937040_20210418T210945040.fits'
 'ch2_cla_l1_20210418T210945040_20210418T210953040.fits'
 'ch2_cla_l1_20210418T210953040_20210418T211001040.fits'
 'ch2_cla_l1_20210418T211001040_20210418T211009040.fits'
 'ch2_cla_l1_20210418T211009040_20210418T211017040.fits'
 'ch2_cla_l1_20210418T211017040_20210418T211025040.fits'
 'ch2_cla_l1_20210418T211025040_20210418T211033040.fits'
 'ch2_cla_l1_20210418T211033040_20210418T211041040.fits'
 'ch2_cla_l1_20210418T211041040_20210418T211049040.fits'
 'ch2_cla_l1_20210418T211049040_20210418T211057040.fits'
 'ch2_cla_l1_20210418T211057040_20210418T211105040.fits'
 'ch2_cla_l1_20210418T211105040_20210418T211113040.fits'
 'ch2_cla_l1_20210418T211113040_20210418T211121040.fits'
 'ch2_cla_l1_20210418T211121040_20210418T211129040.fits'
 'ch2_cla_l1_20210418T211129040_20210418T211137040.fits'
 'ch2_cla_l1_20210418T211137040_20210418T211145040.fits'
 'ch2_cla_l1_20210418T211145040_20210418T211153040.fits'
 'ch2_cla_l1_20210418T211153040_20210418T211201040.fits'
 'ch2_cla_l1_20210418T211201040_20210418T211209040.fits'
 'ch2_cla_l1_20210418T211209040_20210418T211217040.fits'
 'ch2_cla_l1_20210418T211217040_20210418T211225040.fits'
 'ch2_cla_l1_20210418T211225040_20210418T211233040.fits'
 'ch2_cla_l1_20210418T211233040_20210418T211241040.fits'
 'ch2_cla_l1_20210418T211241040_20210418T211249040.fits'
 'ch2_cla_l1_20210418T211249040_20210418T211257040.fits'
 'ch2_cla_l1_20210418T211257040_20210418T211305040.fits'
 'ch2_cla_l1_20210418T211305040_20210418T211313040.fits'
 'ch2_cla_l1_20210418T211313040_20210418T211321040.fits'
 'ch2_cla_l1_20210418T211321040_20210418T211329040.fits'
 'ch2_cla_l1_20210418T211329040_20210418T211337040.fits'
 'ch2_cla_l1_20210418T211337040_20210418T211345040.fits'
 'ch2_cla_l1_20210418T211345040_20210418T211353040.fits'
 'ch2_cla_l1_20210418T211353040_20210418T211401040.fits'
 'ch2_cla_l1_20210418T211401040_20210418T211409040.fits'
 'ch2_cla_l1_20210418T211409040_20210418T211417040.fits'
 'ch2_cla_l1_20210418T211417040_20210418T211425040.fits'
 'ch2_cla_l1_20210418T211425040_20210418T211433040.fits'
 'ch2_cla_l1_20210418T211433040_20210418T211441040.fits'
 'ch2_cla_l1_20210418T211441040_20210418T211449040.fits'
 'ch2_cla_l1_20210418T211449040_20210418T211457040.fits'
 'ch2_cla_l1_20210418T211457040_20210418T211505040.fits'
 'ch2_cla_l1_20210418T211505040_20210418T211513040.fits'
 'ch2_cla_l1_20210418T211513040_20210418T211521040.fits'
 'ch2_cla_l1_20210418T211521040_20210418T211529040.fits'
 'ch2_cla_l1_20210418T211529040_20210418T211537040.fits'
 'ch2_cla_l1_20210418T211537040_20210418T211545040.fits'
 'ch2_cla_l1_20210418T211545040_20210418T211553040.fits'
 'ch2_cla_l1_20210418T211553040_20210418T211601040.fits'
 'ch2_cla_l1_20210418T211601040_20210418T211609040.fits'
 'ch2_cla_l1_20210418T211609040_20210418T211617040.fits'
 'ch2_cla_l1_20210418T211617040_20210418T211625040.fits'
 'ch2_cla_l1_20210418T211625040_20210418T211633040.fits'
 'ch2_cla_l1_20210418T211633040_20210418T211641040.fits'
 'ch2_cla_l1_20210418T211641040_20210418T211649040.fits'
 'ch2_cla_l1_20210418T211649040_20210418T211657040.fits'
 'ch2_cla_l1_20210418T211657040_20210418T211705040.fits'
 'ch2_cla_l1_20210418T211705040_20210418T211713040.fits'
 'ch2_cla_l1_20210418T211713040_20210418T211721040.fits'
 'ch2_cla_l1_20210418T211721040_20210418T211729040.fits'
 'ch2_cla_l1_20210418T211729040_20210418T211737040.fits'
 'ch2_cla_l1_20210418T211737040_20210418T211745040.fits'
 'ch2_cla_l1_20210418T211745040_20210418T211753040.fits'
 'ch2_cla_l1_20210418T211753040_20210418T211801040.fits'
 'ch2_cla_l1_20210418T211801040_20210418T211809040.fits'
 'ch2_cla_l1_20210418T211809040_20210418T211817040.fits'
 'ch2_cla_l1_20210418T211817040_20210418T211825040.fits'
 'ch2_cla_l1_20210418T211825040_20210418T211833040.fits'
 'ch2_cla_l1_20210418T211833040_20210418T211841040.fits'
 'ch2_cla_l1_20210418T211841040_20210418T211849040.fits'
 'ch2_cla_l1_20210418T211849040_20210418T211857040.fits'
 'ch2_cla_l1_20210418T211857040_20210418T211905040.fits'
 'ch2_cla_l1_20210418T211905040_20210418T211913040.fits'
 'ch2_cla_l1_20210418T211913040_20210418T211921040.fits'
 'ch2_cla_l1_20210418T211921040_20210418T211929040.fits'
 'ch2_cla_l1_20210418T211929040_20210418T211937040.fits'
 'ch2_cla_l1_20210418T211937040_20210418T211945040.fits'
 'ch2_cla_l1_20210418T211945040_20210418T211953040.fits'
 'ch2_cla_l1_20210418T211953040_20210418T212001040.fits'
 'ch2_cla_l1_20210418T212001040_20210418T212009040.fits'
 'ch2_cla_l1_20210418T212009040_20210418T212017040.fits'
 'ch2_cla_l1_20210418T212017040_20210418T212025040.fits'
 'ch2_cla_l1_20210418T212025040_20210418T212033040.fits'
 'ch2_cla_l1_20210418T212033040_20210418T212041040.fits'
 'ch2_cla_l1_20210418T212041040_20210418T212049040.fits'
 'ch2_cla_l1_20210418T212049040_20210418T212057040.fits'
 'ch2_cla_l1_20210418T212057040_20210418T212105040.fits'
 'ch2_cla_l1_20210418T212105040_20210418T212113040.fits'
 'ch2_cla_l1_20210418T212113040_20210418T212121040.fits'
 'ch2_cla_l1_20210418T212121040_20210418T212129040.fits'
 'ch2_cla_l1_20210418T212129040_20210418T212137040.fits'
 'ch2_cla_l1_20210418T212137040_20210418T212145040.fits'
 'ch2_cla_l1_20210418T212145040_20210418T212153040.fits'
 'ch2_cla_l1_20210418T212153040_20210418T212201040.fits'
 'ch2_cla_l1_20210418T212201040_20210418T212209040.fits'
 'ch2_cla_l1_20210418T212209040_20210418T212217040.fits'
 'ch2_cla_l1_20210418T212217040_20210418T212225040.fits'
 'ch2_cla_l1_20210418T212225040_20210418T212233040.fits'
 'ch2_cla_l1_20210418T212233040_20210418T212241040.fits'
 'ch2_cla_l1_20210418T212241040_20210418T212249040.fits'
 'ch2_cla_l1_20210418T212249040_20210418T212257040.fits'
 'ch2_cla_l1_20210418T212257040_20210418T212305040.fits'
 'ch2_cla_l1_20210418T212305040_20210418T212313040.fits'
 'ch2_cla_l1_20210418T212313040_20210418T212321040.fits'
 'ch2_cla_l1_20210418T212321040_20210418T212329040.fits'
 'ch2_cla_l1_20210418T212329040_20210418T212337040.fits'
 'ch2_cla_l1_20210418T212337040_20210418T212345040.fits'
 'ch2_cla_l1_20210418T212345040_20210418T212353040.fits'
 'ch2_cla_l1_20210418T212353040_20210418T212401040.fits'
 'ch2_cla_l1_20210418T212401040_20210418T212409040.fits'
 'ch2_cla_l1_20210418T212409040_20210418T212417040.fits'
 'ch2_cla_l1_20210418T212417040_20210418T212425040.fits'
 'ch2_cla_l1_20210418T212425040_20210418T212433040.fits'
 'ch2_cla_l1_20210418T212433040_20210418T212441040.fits'
 'ch2_cla_l1_20210418T212441040_20210418T212449040.fits'
 'ch2_cla_l1_20210418T212449040_20210418T212457040.fits'
 'ch2_cla_l1_20210418T212457040_20210418T212505040.fits'
 'ch2_cla_l1_20210418T212505040_20210418T212513040.fits'
 'ch2_cla_l1_20210418T212513040_20210418T212521040.fits'
 'ch2_cla_l1_20210418T212521040_20210418T212529040.fits'
 'ch2_cla_l1_20210418T212529040_20210418T212537040.fits'
 'ch2_cla_l1_20210418T212537040_20210418T212545040.fits'
 'ch2_cla_l1_20210418T212545040_20210418T212553040.fits'
 'ch2_cla_l1_20210418T212553040_20210418T212601040.fits'
 'ch2_cla_l1_20210418T212601040_20210418T212609040.fits'
 'ch2_cla_l1_20210418T212609040_20210418T212617040.fits'
 'ch2_cla_l1_20210418T212617040_20210418T212625040.fits'
 'ch2_cla_l1_20210418T212625040_20210418T212633040.fits'
 'ch2_cla_l1_20210418T212633040_20210418T212641040.fits'
 'ch2_cla_l1_20210418T212641040_20210418T212649040.fits'
 'ch2_cla_l1_20210418T212649040_20210418T212657040.fits'
 'ch2_cla_l1_20210418T212657040_20210418T212705040.fits'
 'ch2_cla_l1_20210418T212705040_20210418T212713040.fits'
 'ch2_cla_l1_20210418T212713040_20210418T212721040.fits'
 'ch2_cla_l1_20210418T212721040_20210418T212729040.fits'
 'ch2_cla_l1_20210418T212729040_20210418T212737040.fits'
 'ch2_cla_l1_20210418T212737040_20210418T212745040.fits'
 'ch2_cla_l1_20210418T212745040_20210418T212753040.fits'
 'ch2_cla_l1_20210418T212753040_20210418T212801040.fits'
 'ch2_cla_l1_20210418T212801040_20210418T212809040.fits'
 'ch2_cla_l1_20210418T212809040_20210418T212817040.fits'
 'ch2_cla_l1_20210418T212817040_20210418T212825040.fits'
 'ch2_cla_l1_20210418T212825040_20210418T212833040.fits'
 'ch2_cla_l1_20210418T212833040_20210418T212841040.fits'
 'ch2_cla_l1_20210418T212841040_20210418T212849040.fits'
 'ch2_cla_l1_20210418T212849040_20210418T212857040.fits'
 'ch2_cla_l1_20210418T212857040_20210418T212905040.fits'
 'ch2_cla_l1_20210418T212905040_20210418T212913040.fits'
 'ch2_cla_l1_20210418T212913040_20210418T212921040.fits'
 'ch2_cla_l1_20210418T212921040_20210418T212929040.fits'
 'ch2_cla_l1_20210418T212929040_20210418T212937040.fits'
 'ch2_cla_l1_20210418T212937040_20210418T212945040.fits'
 'ch2_cla_l1_20210418T212945040_20210418T212953040.fits'
 'ch2_cla_l1_20210418T212953040_20210418T213001040.fits'
 'ch2_cla_l1_20210418T213001040_20210418T213009040.fits'
 'ch2_cla_l1_20210418T213009040_20210418T213017040.fits'
 'ch2_cla_l1_20210418T213017040_20210418T213025040.fits'
 'ch2_cla_l1_20210418T213025040_20210418T213033040.fits'
 'ch2_cla_l1_20210418T213033040_20210418T213041040.fits'
 'ch2_cla_l1_20210418T213041040_20210418T213049040.fits'
 'ch2_cla_l1_20210418T213049040_20210418T213057040.fits'
 'ch2_cla_l1_20210418T213057040_20210418T213105040.fits'
 'ch2_cla_l1_20210418T213105040_20210418T213113040.fits'
 'ch2_cla_l1_20210418T213113040_20210418T213121040.fits'
 'ch2_cla_l1_20210418T213121040_20210418T213129040.fits'
 'ch2_cla_l1_20210418T213129040_20210418T213137040.fits'
 'ch2_cla_l1_20210418T213137040_20210418T213145040.fits'
 'ch2_cla_l1_20210418T213145040_20210418T213153040.fits'
 'ch2_cla_l1_20210418T213153040_20210418T213201040.fits'
 'ch2_cla_l1_20210418T213201040_20210418T213209040.fits'
 'ch2_cla_l1_20210418T213209040_20210418T213217040.fits'
 'ch2_cla_l1_20210418T213217040_20210418T213225040.fits'
 'ch2_cla_l1_20210418T213225040_20210418T213233040.fits'
 'ch2_cla_l1_20210418T213233040_20210418T213241040.fits'
 'ch2_cla_l1_20210418T213241040_20210418T213249040.fits'
 'ch2_cla_l1_20210418T213249040_20210418T213257040.fits'
 'ch2_cla_l1_20210418T213257040_20210418T213305040.fits'
 'ch2_cla_l1_20210418T213305040_20210418T213313040.fits'
 'ch2_cla_l1_20210418T213313040_20210418T213321040.fits'
 'ch2_cla_l1_20210418T213321040_20210418T213329040.fits'
 'ch2_cla_l1_20210418T213329040_20210418T213337040.fits'
 'ch2_cla_l1_20210418T213337040_20210418T213345040.fits'
 'ch2_cla_l1_20210418T213345040_20210418T213353040.fits'
 'ch2_cla_l1_20210418T213353040_20210418T213401040.fits'
 'ch2_cla_l1_20210418T213401040_20210418T213409040.fits'
 'ch2_cla_l1_20210418T213409040_20210418T213417040.fits'
 'ch2_cla_l1_20210418T213417040_20210418T213425040.fits'
 'ch2_cla_l1_20210418T213425040_20210418T213433040.fits'
 'ch2_cla_l1_20210418T213433040_20210418T213441040.fits'
 'ch2_cla_l1_20210418T213441040_20210418T213449040.fits'
 'ch2_cla_l1_20210418T213449040_20210418T213457040.fits'
 'ch2_cla_l1_20210418T213457040_20210418T213505040.fits'
 'ch2_cla_l1_20210418T213505040_20210418T213513040.fits'
 'ch2_cla_l1_20210418T213513040_20210418T213521040.fits'
 'ch2_cla_l1_20210418T213521040_20210418T213529040.fits'
 'ch2_cla_l1_20210418T213529040_20210418T213537040.fits'
 'ch2_cla_l1_20210418T213537040_20210418T213545040.fits'
 'ch2_cla_l1_20210418T213545040_20210418T213553040.fits'
 'ch2_cla_l1_20210418T213553040_20210418T213601040.fits'
 'ch2_cla_l1_20210418T213601040_20210418T213609040.fits'
 'ch2_cla_l1_20210418T213609040_20210418T213617040.fits'
 'ch2_cla_l1_20210418T213617040_20210418T213625040.fits'
 'ch2_cla_l1_20210418T213625040_20210418T213633040.fits'
 'ch2_cla_l1_20210418T213633040_20210418T213641040.fits'
 'ch2_cla_l1_20210418T213641040_20210418T213649040.fits'
 'ch2_cla_l1_20210418T213649040_20210418T213657040.fits'
 'ch2_cla_l1_20210418T213657040_20210418T213705040.fits'
 'ch2_cla_l1_20210418T213705040_20210418T213713040.fits'
 'ch2_cla_l1_20210418T213713040_20210418T213721040.fits'
 'ch2_cla_l1_20210418T213721040_20210418T213729040.fits'
 'ch2_cla_l1_20210418T213729040_20210418T213737040.fits'
 'ch2_cla_l1_20210418T213737040_20210418T213745040.fits'
 'ch2_cla_l1_20210418T213745040_20210418T213753040.fits'
 'ch2_cla_l1_20210418T213753040_20210418T213801040.fits'
 'ch2_cla_l1_20210418T213801040_20210418T213809040.fits'
 'ch2_cla_l1_20210418T213809040_20210418T213817040.fits'
 'ch2_cla_l1_20210418T213817040_20210418T213825040.fits'
 'ch2_cla_l1_20210418T213825040_20210418T213833040.fits'
 'ch2_cla_l1_20210418T213833040_20210418T213841040.fits'
 'ch2_cla_l1_20210418T213841040_20210418T213849040.fits'
 'ch2_cla_l1_20210418T213849040_20210418T213857040.fits'
 'ch2_cla_l1_20210418T213857040_20210418T213905040.fits'
 'ch2_cla_l1_20210418T213905040_20210418T213913040.fits'
 'ch2_cla_l1_20210418T213913040_20210418T213921040.fits'
 'ch2_cla_l1_20210418T213921040_20210418T213929040.fits'
 'ch2_cla_l1_20210418T213929040_20210418T213937040.fits'
 'ch2_cla_l1_20210418T213937040_20210418T213945040.fits'
 'ch2_cla_l1_20210418T213945040_20210418T213953040.fits'
 'ch2_cla_l1_20210418T213953040_20210418T214001040.fits'
 'ch2_cla_l1_20210418T214001040_20210418T214009040.fits'
 'ch2_cla_l1_20210418T214009040_20210418T214017040.fits'
 'ch2_cla_l1_20210418T214017040_20210418T214025040.fits'
 'ch2_cla_l1_20210418T214025040_20210418T214033040.fits'
 'ch2_cla_l1_20210418T214033040_20210418T214041040.fits'
 'ch2_cla_l1_20210418T214041040_20210418T214049040.fits'
 'ch2_cla_l1_20210418T214049040_20210418T214057040.fits'
 'ch2_cla_l1_20210418T214057040_20210418T214105040.fits'
 'ch2_cla_l1_20210418T214105040_20210418T214113040.fits'
 'ch2_cla_l1_20210418T214113040_20210418T214121040.fits'
 'ch2_cla_l1_20210418T214121040_20210418T214129040.fits'
 'ch2_cla_l1_20210418T214129040_20210418T214137040.fits'
 'ch2_cla_l1_20210418T214137040_20210418T214145040.fits'
 'ch2_cla_l1_20210418T214145040_20210418T214153040.fits'
 'ch2_cla_l1_20210418T214153040_20210418T214201040.fits'
 'ch2_cla_l1_20210418T214201040_20210418T214209040.fits'
 'ch2_cla_l1_20210418T214209040_20210418T214217040.fits'
 'ch2_cla_l1_20210418T214217040_20210418T214225040.fits'
 'ch2_cla_l1_20210418T214225040_20210418T214233040.fits'
 'ch2_cla_l1_20210418T214233040_20210418T214241040.fits'
 'ch2_cla_l1_20210418T214241040_20210418T214249040.fits'
 'ch2_cla_l1_20210418T214249040_20210418T214257040.fits'
 'ch2_cla_l1_20210418T214257040_20210418T214305040.fits'
 'ch2_cla_l1_20210418T214305040_20210418T214313040.fits'
 'ch2_cla_l1_20210418T214313040_20210418T214321040.fits'
 'ch2_cla_l1_20210418T214321040_20210418T214329040.fits'
 'ch2_cla_l1_20210418T214329040_20210418T214337040.fits'
 'ch2_cla_l1_20210418T214337040_20210418T214345040.fits'
 'ch2_cla_l1_20210418T214345040_20210418T214353040.fits'
 'ch2_cla_l1_20210418T214353040_20210418T214401040.fits'
 'ch2_cla_l1_20210418T214401040_20210418T214409040.fits'
 'ch2_cla_l1_20210418T214409040_20210418T214417040.fits'
 'ch2_cla_l1_20210418T214417040_20210418T214425040.fits'
 'ch2_cla_l1_20210418T214425040_20210418T214433040.fits'
 'ch2_cla_l1_20210418T214433040_20210418T214441040.fits'
 'ch2_cla_l1_20210418T214441040_20210418T214449040.fits'
 'ch2_cla_l1_20210418T214449040_20210418T214457040.fits'
 'ch2_cla_l1_20210418T214457040_20210418T214505040.fits'
 'ch2_cla_l1_20210418T214505040_20210418T214513040.fits'
 'ch2_cla_l1_20210418T214513040_20210418T214521040.fits'
 'ch2_cla_l1_20210418T214521040_20210418T214529040.fits'
 'ch2_cla_l1_20210418T214529040_20210418T214537040.fits'
 'ch2_cla_l1_20210418T214537040_20210418T214545040.fits'
 'ch2_cla_l1_20210418T214545040_20210418T214553040.fits'
 'ch2_cla_l1_20210418T214553040_20210418T214601040.fits'
 'ch2_cla_l1_20210418T214601040_20210418T214609040.fits'
 'ch2_cla_l1_20210418T214609040_20210418T214617040.fits'
 'ch2_cla_l1_20210418T214617040_20210418T214625040.fits'
 'ch2_cla_l1_20210418T214625040_20210418T214633040.fits'
 'ch2_cla_l1_20210418T214633040_20210418T214641040.fits'
 'ch2_cla_l1_20210418T214641040_20210418T214649040.fits'
 'ch2_cla_l1_20210418T214649040_20210418T214657040.fits'
 'ch2_cla_l1_20210418T214657040_20210418T214705040.fits'
 'ch2_cla_l1_20210418T214705040_20210418T214713040.fits'
 'ch2_cla_l1_20210418T214713040_20210418T214721040.fits'
 'ch2_cla_l1_20210418T214721040_20210418T214729040.fits'
 'ch2_cla_l1_20210418T214729040_20210418T214737040.fits'
 'ch2_cla_l1_20210418T214737040_20210418T214745040.fits'
 'ch2_cla_l1_20210418T214745040_20210418T214753040.fits'
 'ch2_cla_l1_20210418T214753040_20210418T214801040.fits'
 'ch2_cla_l1_20210418T214801040_20210418T214809040.fits'
 'ch2_cla_l1_20210418T214809040_20210418T214817040.fits'
 'ch2_cla_l1_20210418T214817040_20210418T214825040.fits'
 'ch2_cla_l1_20210418T214825040_20210418T214833040.fits'
 'ch2_cla_l1_20210418T214833040_20210418T214841040.fits'
 'ch2_cla_l1_20210418T214841040_20210418T214849040.fits'
 'ch2_cla_l1_20210418T214849040_20210418T214857040.fits'
 'ch2_cla_l1_20210418T214857040_20210418T214905040.fits'
 'ch2_cla_l1_20210418T214905040_20210418T214913040.fits'
 'ch2_cla_l1_20210418T214913040_20210418T214921040.fits'
 'ch2_cla_l1_20210418T214921040_20210418T214929040.fits'
 'ch2_cla_l1_20210418T214929040_20210418T214937040.fits'
 'ch2_cla_l1_20210418T214937040_20210418T214945040.fits'
 'ch2_cla_l1_20210418T214945040_20210418T214953040.fits'
 'ch2_cla_l1_20210418T214953040_20210418T215001040.fits'
 'ch2_cla_l1_20210418T215001040_20210418T215009040.fits'
 'ch2_cla_l1_20210418T215009040_20210418T215017040.fits'
 'ch2_cla_l1_20210418T215017040_20210418T215025040.fits'
 'ch2_cla_l1_20210418T215025040_20210418T215033040.fits'
 'ch2_cla_l1_20210418T215033040_20210418T215041040.fits'
 'ch2_cla_l1_20210418T215041040_20210418T215049040.fits'
 'ch2_cla_l1_20210418T215049040_20210418T215057040.fits'
 'ch2_cla_l1_20210418T215057040_20210418T215105040.fits'
 'ch2_cla_l1_20210418T215105040_20210418T215113040.fits'
 'ch2_cla_l1_20210418T215113040_20210418T215121040.fits'
 'ch2_cla_l1_20210418T215121040_20210418T215129040.fits'
 'ch2_cla_l1_20210418T215129040_20210418T215137040.fits'
 'ch2_cla_l1_20210418T215137040_20210418T215145040.fits'
 'ch2_cla_l1_20210418T215145040_20210418T215153040.fits'
 'ch2_cla_l1_20210418T215153040_20210418T215201040.fits'
 'ch2_cla_l1_20210418T215201040_20210418T215209040.fits'
 'ch2_cla_l1_20210418T215209040_20210418T215217040.fits'
 'ch2_cla_l1_20210418T215217040_20210418T215225040.fits'
 'ch2_cla_l1_20210418T215225040_20210418T215233040.fits'
 'ch2_cla_l1_20210418T215233040_20210418T215241040.fits'
 'ch2_cla_l1_20210418T215241040_20210418T215249040.fits'
 'ch2_cla_l1_20210418T215249040_20210418T215257040.fits'
 'ch2_cla_l1_20210418T215257040_20210418T215305040.fits'
 'ch2_cla_l1_20210418T215305040_20210418T215313040.fits'
 'ch2_cla_l1_20210418T215313040_20210418T215321040.fits'
 'ch2_cla_l1_20210418T215321040_20210418T215329040.fits'
 'ch2_cla_l1_20210418T215329040_20210418T215337040.fits'
 'ch2_cla_l1_20210418T215337040_20210418T215345040.fits'
 'ch2_cla_l1_20210418T215345040_20210418T215353040.fits'
 'ch2_cla_l1_20210418T215353040_20210418T215401040.fits'
 'ch2_cla_l1_20210418T215401040_20210418T215409040.fits'
 'ch2_cla_l1_20210418T215409040_20210418T215417040.fits'
 'ch2_cla_l1_20210418T215417040_20210418T215425040.fits'
 'ch2_cla_l1_20210418T215425040_20210418T215433040.fits'
 'ch2_cla_l1_20210418T215433040_20210418T215441040.fits'
 'ch2_cla_l1_20210418T215441040_20210418T215449040.fits'
 'ch2_cla_l1_20210418T215449040_20210418T215457040.fits'
 'ch2_cla_l1_20210418T215457040_20210418T215505040.fits'
 'ch2_cla_l1_20210418T215505040_20210418T215513040.fits'
 'ch2_cla_l1_20210418T215513040_20210418T215521040.fits'
 'ch2_cla_l1_20210418T215521040_20210418T215529040.fits'
 'ch2_cla_l1_20210418T215529040_20210418T215537040.fits'
 'ch2_cla_l1_20210418T215537040_20210418T215545040.fits'
 'ch2_cla_l1_20210418T215545040_20210418T215553040.fits'
 'ch2_cla_l1_20210418T215553040_20210418T215601040.fits'
 'ch2_cla_l1_20210418T215601040_20210418T215609040.fits'
 'ch2_cla_l1_20210418T215609040_20210418T215617040.fits'
 'ch2_cla_l1_20210418T215617040_20210418T215625040.fits'
 'ch2_cla_l1_20210418T215625040_20210418T215633040.fits'
 'ch2_cla_l1_20210418T215633040_20210418T215641040.fits'
 'ch2_cla_l1_20210418T215641040_20210418T215649040.fits'
 'ch2_cla_l1_20210418T215649040_20210418T215657040.fits'
 'ch2_cla_l1_20210418T215657040_20210418T215705040.fits'
 'ch2_cla_l1_20210418T215705040_20210418T215713040.fits'
 'ch2_cla_l1_20210418T215713040_20210418T215721040.fits'
 'ch2_cla_l1_20210418T215721040_20210418T215729040.fits'
 'ch2_cla_l1_20210418T215729040_20210418T215737040.fits'
 'ch2_cla_l1_20210418T215737040_20210418T215745040.fits'
 'ch2_cla_l1_20210418T215745040_20210418T215753040.fits'
 'ch2_cla_l1_20210418T215753040_20210418T215801040.fits'
 'ch2_cla_l1_20210418T215801040_20210418T215809040.fits'
 'ch2_cla_l1_20210418T215809040_20210418T215817040.fits'
 'ch2_cla_l1_20210418T215817040_20210418T215825040.fits'
 'ch2_cla_l1_20210418T215825040_20210418T215833040.fits'
 'ch2_cla_l1_20210418T215833040_20210418T215841040.fits'
 'ch2_cla_l1_20210418T215841040_20210418T215849040.fits'
 'ch2_cla_l1_20210418T215849040_20210418T215857040.fits'
 'ch2_cla_l1_20210418T215857040_20210418T215905040.fits'
 'ch2_cla_l1_20210418T215905040_20210418T215913040.fits'
 'ch2_cla_l1_20210418T215913040_20210418T215921040.fits'
 'ch2_cla_l1_20210418T215921040_20210418T215929040.fits'
 'ch2_cla_l1_20210418T215929040_20210418T215937040.fits'
 'ch2_cla_l1_20210418T215937040_20210418T215945040.fits'
 'ch2_cla_l1_20210418T215945040_20210418T215953040.fits'
 'ch2_cla_l1_20210418T215953040_20210418T220001040.fits'
 'ch2_cla_l1_20210418T220001040_20210418T220009040.fits'
 'ch2_cla_l1_20210418T220009040_20210418T220017040.fits'
 'ch2_cla_l1_20210418T220017040_20210418T220025040.fits'
 'ch2_cla_l1_20210418T220025040_20210418T220033040.fits'
 'ch2_cla_l1_20210418T220033040_20210418T220041040.fits'
 'ch2_cla_l1_20210418T220041040_20210418T220049040.fits'
 'ch2_cla_l1_20210418T220049040_20210418T220057040.fits'
 'ch2_cla_l1_20210418T220057040_20210418T220105040.fits'
 'ch2_cla_l1_20210418T220105040_20210418T220113040.fits'
 'ch2_cla_l1_20210418T220113040_20210418T220121040.fits'
 'ch2_cla_l1_20210418T220121040_20210418T220129040.fits'
 'ch2_cla_l1_20210418T220129040_20210418T220137040.fits'
 'ch2_cla_l1_20210418T220137040_20210418T220145040.fits'
 'ch2_cla_l1_20210418T220145040_20210418T220153040.fits'
 'ch2_cla_l1_20210418T220153040_20210418T220201040.fits'
 'ch2_cla_l1_20210418T220201040_20210418T220209040.fits'
 'ch2_cla_l1_20210418T220209040_20210418T220217040.fits'
 'ch2_cla_l1_20210418T220217040_20210418T220225040.fits'
 'ch2_cla_l1_20210418T220225040_20210418T220233040.fits'
 'ch2_cla_l1_20210418T220233040_20210418T220241040.fits'
 'ch2_cla_l1_20210418T220241040_20210418T220249040.fits'
 'ch2_cla_l1_20210418T220249040_20210418T220257040.fits'
 'ch2_cla_l1_20210418T220257040_20210418T220305040.fits'
 'ch2_cla_l1_20210418T220305040_20210418T220313040.fits'
 'ch2_cla_l1_20210418T220313040_20210418T220321040.fits'
 'ch2_cla_l1_20210418T220321040_20210418T220329040.fits'
 'ch2_cla_l1_20210418T220329040_20210418T220337040.fits'
 'ch2_cla_l1_20210418T220337040_20210418T220345040.fits'
 'ch2_cla_l1_20210418T220345040_20210418T220353040.fits'
 'ch2_cla_l1_20210418T220353040_20210418T220401040.fits'
 'ch2_cla_l1_20210418T220401040_20210418T220409040.fits'
 'ch2_cla_l1_20210418T220409040_20210418T220417040.fits'
 'ch2_cla_l1_20210418T220417040_20210418T220425040.fits'
 'ch2_cla_l1_20210418T220425040_20210418T220433040.fits'
 'ch2_cla_l1_20210418T220433040_20210418T220441040.fits'
 'ch2_cla_l1_20210418T220441040_20210418T220449040.fits'
 'ch2_cla_l1_20210418T220449040_20210418T220457040.fits'
 'ch2_cla_l1_20210418T220457040_20210418T220505040.fits'
 'ch2_cla_l1_20210418T220505040_20210418T220513040.fits'
 'ch2_cla_l1_20210418T220513040_20210418T220521040.fits'
 'ch2_cla_l1_20210418T220521040_20210418T220529040.fits'
 'ch2_cla_l1_20210418T220529040_20210418T220537040.fits'
 'ch2_cla_l1_20210418T220537040_20210418T220545040.fits'
 'ch2_cla_l1_20210418T220545040_20210418T220553040.fits'
 'ch2_cla_l1_20210418T220553040_20210418T220601040.fits'
 'ch2_cla_l1_20210418T220601040_20210418T220609040.fits'
 'ch2_cla_l1_20210418T220609040_20210418T220617040.fits'
 'ch2_cla_l1_20210418T220617040_20210418T220625040.fits'
 'ch2_cla_l1_20210418T220625040_20210418T220633040.fits'
 'ch2_cla_l1_20210418T220633040_20210418T220641040.fits'
 'ch2_cla_l1_20210418T220641040_20210418T220649040.fits'
 'ch2_cla_l1_20210418T220649040_20210418T220657040.fits'
 'ch2_cla_l1_20210418T220657040_20210418T220705040.fits'
 'ch2_cla_l1_20210418T220705040_20210418T220713040.fits'
 'ch2_cla_l1_20210418T220713040_20210418T220721040.fits'
 'ch2_cla_l1_20210418T220721040_20210418T220729040.fits'
 'ch2_cla_l1_20210418T220729040_20210418T220737040.fits'
 'ch2_cla_l1_20210418T220737040_20210418T220745040.fits'
 'ch2_cla_l1_20210418T220745040_20210418T220753040.fits'
 'ch2_cla_l1_20210418T220753040_20210418T220801040.fits'
 'ch2_cla_l1_20210418T220801040_20210418T220809040.fits'
 'ch2_cla_l1_20210418T220809040_20210418T220817040.fits'
 'ch2_cla_l1_20210418T220817040_20210418T220825040.fits'
 'ch2_cla_l1_20210418T220825040_20210418T220833040.fits'
 'ch2_cla_l1_20210418T220833040_20210418T220841040.fits'
 'ch2_cla_l1_20210418T220841040_20210418T220849040.fits'
 'ch2_cla_l1_20210418T220849040_20210418T220857040.fits'
 'ch2_cla_l1_20210419T010447905_20210419T010455905.fits'
 'ch2_cla_l1_20210419T010455905_20210419T010503905.fits'
 'ch2_cla_l1_20210419T010503905_20210419T010511905.fits'
 'ch2_cla_l1_20210419T010511905_20210419T010519905.fits'
 'ch2_cla_l1_20210419T010519905_20210419T010527905.fits'
 'ch2_cla_l1_20210419T010527905_20210419T010535905.fits'
 'ch2_cla_l1_20210419T010535905_20210419T010543905.fits'
 'ch2_cla_l1_20210419T010543905_20210419T010551905.fits'
 'ch2_cla_l1_20210419T010551905_20210419T010559905.fits'
 'ch2_cla_l1_20210419T010559905_20210419T010607905.fits'
 'ch2_cla_l1_20210419T010607905_20210419T010615905.fits'
 'ch2_cla_l1_20210419T010615905_20210419T010623905.fits'
 'ch2_cla_l1_20210419T010623905_20210419T010631905.fits'
 'ch2_cla_l1_20210419T010631905_20210419T010639905.fits'
 'ch2_cla_l1_20210419T010639905_20210419T010647905.fits'
 'ch2_cla_l1_20210419T010647905_20210419T010655905.fits'
 'ch2_cla_l1_20210419T010655905_20210419T010703905.fits'
 'ch2_cla_l1_20210419T010703905_20210419T010711905.fits'
 'ch2_cla_l1_20210419T010711905_20210419T010719905.fits'
 'ch2_cla_l1_20210419T010719905_20210419T010727905.fits'
 'ch2_cla_l1_20210419T010727905_20210419T010735905.fits'
 'ch2_cla_l1_20210419T010735905_20210419T010743905.fits'
 'ch2_cla_l1_20210419T010743905_20210419T010751905.fits'
 'ch2_cla_l1_20210419T010751905_20210419T010759905.fits'
 'ch2_cla_l1_20210419T010759905_20210419T010807905.fits'
 'ch2_cla_l1_20210419T010807905_20210419T010815905.fits'
 'ch2_cla_l1_20210419T010815905_20210419T010823905.fits'
 'ch2_cla_l1_20210419T010823905_20210419T010831905.fits'
 'ch2_cla_l1_20210419T010831905_20210419T010839905.fits'
 'ch2_cla_l1_20210419T010839905_20210419T010847905.fits'
 'ch2_cla_l1_20210419T010847905_20210419T010855905.fits'
 'ch2_cla_l1_20210419T010855905_20210419T010903905.fits'
 'ch2_cla_l1_20210419T010903905_20210419T010911905.fits'
 'ch2_cla_l1_20210419T010911905_20210419T010919905.fits'
 'ch2_cla_l1_20210419T010919905_20210419T010927905.fits'
 'ch2_cla_l1_20210419T010927905_20210419T010935905.fits'
 'ch2_cla_l1_20210419T010935905_20210419T010943905.fits'
 'ch2_cla_l1_20210419T010943905_20210419T010951905.fits'
 'ch2_cla_l1_20210419T010951905_20210419T010959905.fits'
 'ch2_cla_l1_20210419T010959905_20210419T011007905.fits'
 'ch2_cla_l1_20210419T011007905_20210419T011015905.fits'
 'ch2_cla_l1_20210419T011015905_20210419T011023905.fits'
 'ch2_cla_l1_20210419T011023905_20210419T011031905.fits'
 'ch2_cla_l1_20210419T011031905_20210419T011039905.fits'
 'ch2_cla_l1_20210419T011039905_20210419T011047905.fits'
 'ch2_cla_l1_20210419T011047905_20210419T011055905.fits'
 'ch2_cla_l1_20210419T011055905_20210419T011103905.fits'
 'ch2_cla_l1_20210419T011103905_20210419T011111905.fits'
 'ch2_cla_l1_20210419T011111905_20210419T011119905.fits'
 'ch2_cla_l1_20210419T011119905_20210419T011127905.fits'
 'ch2_cla_l1_20210419T011127905_20210419T011135905.fits'
 'ch2_cla_l1_20210419T011135905_20210419T011143905.fits'
 'ch2_cla_l1_20210419T011143905_20210419T011151905.fits'
 'ch2_cla_l1_20210419T011151905_20210419T011159905.fits'
 'ch2_cla_l1_20210419T011159905_20210419T011207905.fits'
 'ch2_cla_l1_20210419T011207905_20210419T011215905.fits'
 'ch2_cla_l1_20210419T011215905_20210419T011223905.fits'
 'ch2_cla_l1_20210419T011223905_20210419T011231905.fits'
 'ch2_cla_l1_20210419T011231905_20210419T011239905.fits'
 'ch2_cla_l1_20210419T011239905_20210419T011247905.fits'
 'ch2_cla_l1_20210419T011247905_20210419T011255905.fits'
 'ch2_cla_l1_20210419T011255905_20210419T011303905.fits'
 'ch2_cla_l1_20210419T011303905_20210419T011311905.fits'
 'ch2_cla_l1_20210419T011311905_20210419T011319905.fits'
 'ch2_cla_l1_20210419T011319905_20210419T011327905.fits'
 'ch2_cla_l1_20210419T011327905_20210419T011335905.fits'
 'ch2_cla_l1_20210419T011335905_20210419T011343905.fits'
 'ch2_cla_l1_20210419T011343905_20210419T011351905.fits'
 'ch2_cla_l1_20210419T011351905_20210419T011359905.fits'
 'ch2_cla_l1_20210419T011359905_20210419T011407905.fits'
 'ch2_cla_l1_20210419T011407905_20210419T011415905.fits'
 'ch2_cla_l1_20210419T011415905_20210419T011423905.fits'
 'ch2_cla_l1_20210419T011423905_20210419T011431905.fits'
 'ch2_cla_l1_20210419T011431905_20210419T011439905.fits'
 'ch2_cla_l1_20210419T011439905_20210419T011447905.fits'
 'ch2_cla_l1_20210419T011447905_20210419T011455905.fits'
 'ch2_cla_l1_20210419T011455905_20210419T011503905.fits'
 'ch2_cla_l1_20210419T011503905_20210419T011511905.fits'
 'ch2_cla_l1_20210419T011511905_20210419T011519905.fits'
 'ch2_cla_l1_20210419T011519905_20210419T011527905.fits'
 'ch2_cla_l1_20210419T011527905_20210419T011535905.fits'
 'ch2_cla_l1_20210419T011535905_20210419T011543905.fits'
 'ch2_cla_l1_20210419T011543905_20210419T011551905.fits'
 'ch2_cla_l1_20210419T011551905_20210419T011559905.fits'
 'ch2_cla_l1_20210419T011559905_20210419T011607905.fits'
 'ch2_cla_l1_20210419T011607905_20210419T011615905.fits'
 'ch2_cla_l1_20210419T011615905_20210419T011623905.fits'
 'ch2_cla_l1_20210419T011623905_20210419T011631905.fits'
 'ch2_cla_l1_20210419T011631905_20210419T011639905.fits'
 'ch2_cla_l1_20210419T011639905_20210419T011647905.fits'
 'ch2_cla_l1_20210419T011647905_20210419T011655905.fits'
 'ch2_cla_l1_20210419T011655905_20210419T011703905.fits'
 'ch2_cla_l1_20210419T011703905_20210419T011711905.fits'
 'ch2_cla_l1_20210419T011711905_20210419T011719905.fits'
 'ch2_cla_l1_20210419T011719905_20210419T011727905.fits'
 'ch2_cla_l1_20210419T011727905_20210419T011735905.fits'
 'ch2_cla_l1_20210419T011735905_20210419T011743905.fits'
 'ch2_cla_l1_20210419T011743905_20210419T011751905.fits'
 'ch2_cla_l1_20210419T011751905_20210419T011759905.fits'
 'ch2_cla_l1_20210419T011759905_20210419T011807905.fits'
 'ch2_cla_l1_20210419T011807905_20210419T011815905.fits'
 'ch2_cla_l1_20210419T011815905_20210419T011823905.fits'
 'ch2_cla_l1_20210419T011823905_20210419T011831905.fits'
 'ch2_cla_l1_20210419T011831905_20210419T011839905.fits'
 'ch2_cla_l1_20210419T011839905_20210419T011847905.fits'
 'ch2_cla_l1_20210419T011847905_20210419T011855905.fits'
 'ch2_cla_l1_20210419T011855905_20210419T011903905.fits'
 'ch2_cla_l1_20210419T011903905_20210419T011911905.fits'
 'ch2_cla_l1_20210419T011911905_20210419T011919905.fits'
 'ch2_cla_l1_20210419T011919905_20210419T011927905.fits'
 'ch2_cla_l1_20210419T011927905_20210419T011935905.fits'
 'ch2_cla_l1_20210419T011935905_20210419T011943905.fits'
 'ch2_cla_l1_20210419T011943905_20210419T011951905.fits'
 'ch2_cla_l1_20210419T011951905_20210419T011959905.fits'
 'ch2_cla_l1_20210419T011959905_20210419T012007905.fits'
 'ch2_cla_l1_20210419T012007905_20210419T012015905.fits'
 'ch2_cla_l1_20210419T012015905_20210419T012023905.fits'
 'ch2_cla_l1_20210419T012023905_20210419T012031905.fits'
 'ch2_cla_l1_20210419T012031905_20210419T012039905.fits'
 'ch2_cla_l1_20210419T012039905_20210419T012047905.fits'
 'ch2_cla_l1_20210419T012047905_20210419T012055905.fits'
 'ch2_cla_l1_20210419T012055905_20210419T012103905.fits'
 'ch2_cla_l1_20210419T012103905_20210419T012111905.fits'
 'ch2_cla_l1_20210419T012111905_20210419T012119905.fits'
 'ch2_cla_l1_20210419T012119905_20210419T012127905.fits'
 'ch2_cla_l1_20210419T012127905_20210419T012135905.fits'
 'ch2_cla_l1_20210419T012135905_20210419T012143905.fits'
 'ch2_cla_l1_20210419T012143905_20210419T012151905.fits'
 'ch2_cla_l1_20210419T012151905_20210419T012159905.fits'
 'ch2_cla_l1_20210419T012159905_20210419T012207905.fits'
 'ch2_cla_l1_20210419T012207905_20210419T012215905.fits'
 'ch2_cla_l1_20210419T012215905_20210419T012223905.fits'
 'ch2_cla_l1_20210419T012223905_20210419T012231905.fits'
 'ch2_cla_l1_20210419T012231905_20210419T012239905.fits'
 'ch2_cla_l1_20210419T012239905_20210419T012247905.fits'
 'ch2_cla_l1_20210419T012247905_20210419T012255905.fits'
 'ch2_cla_l1_20210419T012255905_20210419T012303905.fits'
 'ch2_cla_l1_20210419T012303905_20210419T012311905.fits'
 'ch2_cla_l1_20210419T012311905_20210419T012319905.fits'
 'ch2_cla_l1_20210419T012319905_20210419T012327905.fits'
 'ch2_cla_l1_20210419T012327905_20210419T012335905.fits'
 'ch2_cla_l1_20210419T012335905_20210419T012343905.fits'
 'ch2_cla_l1_20210419T012343905_20210419T012351905.fits'
 'ch2_cla_l1_20210419T012351905_20210419T012359905.fits'
 'ch2_cla_l1_20210419T012359905_20210419T012407905.fits'
 'ch2_cla_l1_20210419T012407905_20210419T012415905.fits'
 'ch2_cla_l1_20210419T012415905_20210419T012423905.fits'
 'ch2_cla_l1_20210419T012423905_20210419T012431905.fits'
 'ch2_cla_l1_20210419T012431905_20210419T012439905.fits'
 'ch2_cla_l1_20210419T012439905_20210419T012447905.fits'
 'ch2_cla_l1_20210419T012447905_20210419T012455905.fits'
 'ch2_cla_l1_20210419T012455905_20210419T012503905.fits'
 'ch2_cla_l1_20210419T012503905_20210419T012511905.fits'
 'ch2_cla_l1_20210419T012511905_20210419T012519905.fits'
 'ch2_cla_l1_20210419T012519905_20210419T012527905.fits'
 'ch2_cla_l1_20210419T012527905_20210419T012535905.fits'
 'ch2_cla_l1_20210419T012535905_20210419T012543905.fits'
 'ch2_cla_l1_20210419T012543905_20210419T012551905.fits'
 'ch2_cla_l1_20210419T012551905_20210419T012559905.fits'
 'ch2_cla_l1_20210419T012559905_20210419T012607905.fits'
 'ch2_cla_l1_20210419T012607905_20210419T012615905.fits'
 'ch2_cla_l1_20210419T012615905_20210419T012623905.fits'
 'ch2_cla_l1_20210419T012623905_20210419T012631905.fits'
 'ch2_cla_l1_20210419T012631905_20210419T012639905.fits'
 'ch2_cla_l1_20210419T012639905_20210419T012647905.fits'
 'ch2_cla_l1_20210419T012647905_20210419T012655905.fits'
 'ch2_cla_l1_20210419T012655905_20210419T012703905.fits'
 'ch2_cla_l1_20210419T012703905_20210419T012711905.fits'
 'ch2_cla_l1_20210419T012711905_20210419T012719905.fits'
 'ch2_cla_l1_20210419T012719905_20210419T012727905.fits'
 'ch2_cla_l1_20210419T012727905_20210419T012735905.fits'
 'ch2_cla_l1_20210419T012735905_20210419T012743905.fits'
 'ch2_cla_l1_20210419T012743905_20210419T012751905.fits'
 'ch2_cla_l1_20210419T012751905_20210419T012759905.fits'
 'ch2_cla_l1_20210419T012759905_20210419T012807905.fits'
 'ch2_cla_l1_20210419T012807905_20210419T012815905.fits'
 'ch2_cla_l1_20210419T012815905_20210419T012823905.fits'
 'ch2_cla_l1_20210419T012823905_20210419T012831905.fits'
 'ch2_cla_l1_20210419T012831905_20210419T012839905.fits'
 'ch2_cla_l1_20210419T012839905_20210419T012847905.fits'
 'ch2_cla_l1_20210419T012847905_20210419T012855905.fits'
 'ch2_cla_l1_20210419T012855905_20210419T012903905.fits'
 'ch2_cla_l1_20210419T012903905_20210419T012911905.fits'
 'ch2_cla_l1_20210419T012911905_20210419T012919905.fits'
 'ch2_cla_l1_20210419T012919905_20210419T012927905.fits'
 'ch2_cla_l1_20210419T012927905_20210419T012935905.fits'
 'ch2_cla_l1_20210419T012935905_20210419T012943905.fits'
 'ch2_cla_l1_20210419T012943905_20210419T012951905.fits'
 'ch2_cla_l1_20210419T012951905_20210419T012959905.fits'
 'ch2_cla_l1_20210419T012959905_20210419T013007905.fits'
 'ch2_cla_l1_20210419T013007905_20210419T013015905.fits'
 'ch2_cla_l1_20210419T013015905_20210419T013023905.fits'
 'ch2_cla_l1_20210419T013023905_20210419T013031905.fits'
 'ch2_cla_l1_20210419T013031905_20210419T013039905.fits'
 'ch2_cla_l1_20210419T013039905_20210419T013047905.fits'
 'ch2_cla_l1_20210419T013047905_20210419T013055905.fits'
 'ch2_cla_l1_20210419T013055905_20210419T013103905.fits'
 'ch2_cla_l1_20210419T013103905_20210419T013111905.fits'
 'ch2_cla_l1_20210419T013111905_20210419T013119905.fits'
 'ch2_cla_l1_20210419T013119905_20210419T013127905.fits'
 'ch2_cla_l1_20210419T013127905_20210419T013135905.fits'
 'ch2_cla_l1_20210419T013135905_20210419T013143905.fits'
 'ch2_cla_l1_20210419T013143905_20210419T013151905.fits'
 'ch2_cla_l1_20210419T013151905_20210419T013159905.fits'
 'ch2_cla_l1_20210419T013159905_20210419T013207905.fits'
 'ch2_cla_l1_20210419T013207905_20210419T013215905.fits'
 'ch2_cla_l1_20210419T013215905_20210419T013223905.fits'
 'ch2_cla_l1_20210419T013223905_20210419T013231905.fits'
 'ch2_cla_l1_20210419T013231905_20210419T013239905.fits'
 'ch2_cla_l1_20210419T013239905_20210419T013247905.fits'
 'ch2_cla_l1_20210419T013247905_20210419T013255905.fits'
 'ch2_cla_l1_20210419T013255905_20210419T013303905.fits'
 'ch2_cla_l1_20210419T013303905_20210419T013311905.fits'
 'ch2_cla_l1_20210419T013311905_20210419T013319905.fits'
 'ch2_cla_l1_20210419T013319905_20210419T013327905.fits'
 'ch2_cla_l1_20210419T013327905_20210419T013335905.fits'
 'ch2_cla_l1_20210419T013335905_20210419T013343905.fits'
 'ch2_cla_l1_20210419T013343905_20210419T013351905.fits'
 'ch2_cla_l1_20210419T013351905_20210419T013359905.fits'
 'ch2_cla_l1_20210419T013359905_20210419T013407905.fits'
 'ch2_cla_l1_20210419T013407905_20210419T013415905.fits'
 'ch2_cla_l1_20210419T013415905_20210419T013423905.fits'
 'ch2_cla_l1_20210419T013423905_20210419T013431905.fits'
 'ch2_cla_l1_20210419T013431905_20210419T013439905.fits'
 'ch2_cla_l1_20210419T013439905_20210419T013447905.fits'
 'ch2_cla_l1_20210419T013447905_20210419T013455905.fits'
 'ch2_cla_l1_20210419T013455905_20210419T013503905.fits'
 'ch2_cla_l1_20210419T013503905_20210419T013511905.fits'
 'ch2_cla_l1_20210419T013511905_20210419T013519905.fits'
 'ch2_cla_l1_20210419T013519905_20210419T013527905.fits'
 'ch2_cla_l1_20210419T013527905_20210419T013535905.fits'
 'ch2_cla_l1_20210419T013535905_20210419T013543905.fits'
 'ch2_cla_l1_20210419T013543905_20210419T013551905.fits'
 'ch2_cla_l1_20210419T013551905_20210419T013559905.fits'
 'ch2_cla_l1_20210419T013559905_20210419T013607905.fits'
 'ch2_cla_l1_20210419T013607905_20210419T013615905.fits'
 'ch2_cla_l1_20210419T013615905_20210419T013623905.fits'
 'ch2_cla_l1_20210419T013623905_20210419T013631905.fits'
 'ch2_cla_l1_20210419T013631905_20210419T013639905.fits'
 'ch2_cla_l1_20210419T013639905_20210419T013647905.fits'
 'ch2_cla_l1_20210419T013647905_20210419T013655905.fits'
 'ch2_cla_l1_20210419T013655905_20210419T013703905.fits'
 'ch2_cla_l1_20210419T013703905_20210419T013711905.fits'
 'ch2_cla_l1_20210419T013711905_20210419T013719905.fits'
 'ch2_cla_l1_20210419T013719905_20210419T013727905.fits'
 'ch2_cla_l1_20210419T013727905_20210419T013735905.fits'
 'ch2_cla_l1_20210419T013735905_20210419T013743905.fits'
 'ch2_cla_l1_20210419T013743905_20210419T013751905.fits'
 'ch2_cla_l1_20210419T013751905_20210419T013759905.fits'
 'ch2_cla_l1_20210419T013759905_20210419T013807905.fits'
 'ch2_cla_l1_20210419T013807905_20210419T013815905.fits'
 'ch2_cla_l1_20210419T013815905_20210419T013823905.fits'
 'ch2_cla_l1_20210419T013823905_20210419T013831905.fits'
 'ch2_cla_l1_20210419T013831905_20210419T013839905.fits'
 'ch2_cla_l1_20210419T013839905_20210419T013847905.fits'
 'ch2_cla_l1_20210419T013847905_20210419T013855905.fits'
 'ch2_cla_l1_20210419T013855905_20210419T013903905.fits'
 'ch2_cla_l1_20210419T013903905_20210419T013911905.fits'
 'ch2_cla_l1_20210419T013911905_20210419T013919905.fits'
 'ch2_cla_l1_20210419T013919905_20210419T013927905.fits'
 'ch2_cla_l1_20210419T013927905_20210419T013935905.fits'
 'ch2_cla_l1_20210419T013935905_20210419T013943905.fits'
 'ch2_cla_l1_20210419T013943905_20210419T013951905.fits'
 'ch2_cla_l1_20210419T013951905_20210419T013959905.fits'
 'ch2_cla_l1_20210419T013959905_20210419T014007905.fits'
 'ch2_cla_l1_20210419T014007905_20210419T014015905.fits'
 'ch2_cla_l1_20210419T014015905_20210419T014023905.fits'
 'ch2_cla_l1_20210419T014023905_20210419T014031905.fits'
 'ch2_cla_l1_20210419T014031905_20210419T014039905.fits'
 'ch2_cla_l1_20210419T014039905_20210419T014047905.fits'
 'ch2_cla_l1_20210419T014047905_20210419T014055905.fits'
 'ch2_cla_l1_20210419T014055905_20210419T014103905.fits'
 'ch2_cla_l1_20210419T014103905_20210419T014111905.fits'
 'ch2_cla_l1_20210419T014111905_20210419T014119905.fits'
 'ch2_cla_l1_20210419T014119905_20210419T014127905.fits'
 'ch2_cla_l1_20210419T014127905_20210419T014135905.fits'
 'ch2_cla_l1_20210419T014135905_20210419T014143905.fits'
 'ch2_cla_l1_20210419T014143905_20210419T014151905.fits'
 'ch2_cla_l1_20210419T014151905_20210419T014159905.fits'
 'ch2_cla_l1_20210419T014159905_20210419T014207905.fits'
 'ch2_cla_l1_20210419T014207905_20210419T014215905.fits'
 'ch2_cla_l1_20210419T014215905_20210419T014223905.fits'
 'ch2_cla_l1_20210419T014223905_20210419T014231905.fits'
 'ch2_cla_l1_20210419T014231905_20210419T014239905.fits'
 'ch2_cla_l1_20210419T014239905_20210419T014247905.fits'
 'ch2_cla_l1_20210419T014247905_20210419T014255905.fits'
 'ch2_cla_l1_20210419T014255905_20210419T014303905.fits'
 'ch2_cla_l1_20210419T014303905_20210419T014311905.fits'
 'ch2_cla_l1_20210419T014311905_20210419T014319905.fits'
 'ch2_cla_l1_20210419T014319905_20210419T014327905.fits'
 'ch2_cla_l1_20210419T014327905_20210419T014335905.fits'
 'ch2_cla_l1_20210419T014335905_20210419T014343905.fits'
 'ch2_cla_l1_20210419T014343905_20210419T014351905.fits'
 'ch2_cla_l1_20210419T014351905_20210419T014359905.fits'
 'ch2_cla_l1_20210419T014359905_20210419T014407905.fits'
 'ch2_cla_l1_20210419T014407905_20210419T014415905.fits'
 'ch2_cla_l1_20210419T014415905_20210419T014423905.fits'
 'ch2_cla_l1_20210419T014423905_20210419T014431905.fits'
 'ch2_cla_l1_20210419T014431905_20210419T014439905.fits'
 'ch2_cla_l1_20210419T014439905_20210419T014447905.fits'
 'ch2_cla_l1_20210419T014447905_20210419T014455905.fits'
 'ch2_cla_l1_20210419T014455905_20210419T014503905.fits'
 'ch2_cla_l1_20210419T014503905_20210419T014511905.fits'
 'ch2_cla_l1_20210419T014511905_20210419T014519905.fits'
 'ch2_cla_l1_20210419T014519905_20210419T014527905.fits'
 'ch2_cla_l1_20210419T014527905_20210419T014535905.fits'
 'ch2_cla_l1_20210419T014535905_20210419T014543905.fits'
 'ch2_cla_l1_20210419T014543905_20210419T014551905.fits'
 'ch2_cla_l1_20210419T014551905_20210419T014559905.fits'
 'ch2_cla_l1_20210419T014559905_20210419T014607905.fits'
 'ch2_cla_l1_20210419T014607905_20210419T014615905.fits'
 'ch2_cla_l1_20210419T014615905_20210419T014623905.fits'
 'ch2_cla_l1_20210419T014623905_20210419T014631905.fits'
 'ch2_cla_l1_20210419T014631905_20210419T014639905.fits'
 'ch2_cla_l1_20210419T014639905_20210419T014647905.fits'
 'ch2_cla_l1_20210419T014647905_20210419T014655905.fits'
 'ch2_cla_l1_20210419T014655905_20210419T014703905.fits'
 'ch2_cla_l1_20210419T014703905_20210419T014711905.fits'
 'ch2_cla_l1_20210419T014711905_20210419T014719905.fits'
 'ch2_cla_l1_20210419T014719905_20210419T014727905.fits'
 'ch2_cla_l1_20210419T014727905_20210419T014735905.fits'
 'ch2_cla_l1_20210419T014735905_20210419T014743905.fits'
 'ch2_cla_l1_20210419T014743905_20210419T014751905.fits'
 'ch2_cla_l1_20210419T014751905_20210419T014759905.fits'
 'ch2_cla_l1_20210419T014759905_20210419T014807905.fits'
 'ch2_cla_l1_20210419T014807905_20210419T014815905.fits'
 'ch2_cla_l1_20210419T014815905_20210419T014823905.fits'
 'ch2_cla_l1_20210419T014823905_20210419T014831905.fits'
 'ch2_cla_l1_20210419T014831905_20210419T014839905.fits'
 'ch2_cla_l1_20210419T014839905_20210419T014847905.fits'
 'ch2_cla_l1_20210419T014847905_20210419T014855905.fits'
 'ch2_cla_l1_20210419T014855905_20210419T014903905.fits'
 'ch2_cla_l1_20210419T014903905_20210419T014911905.fits'
 'ch2_cla_l1_20210419T014911905_20210419T014919905.fits'
 'ch2_cla_l1_20210419T014919905_20210419T014927905.fits'
 'ch2_cla_l1_20210419T014927905_20210419T014935905.fits'
 'ch2_cla_l1_20210419T014935905_20210419T014943905.fits'
 'ch2_cla_l1_20210419T014943905_20210419T014951905.fits'
 'ch2_cla_l1_20210419T014951905_20210419T014959905.fits'
 'ch2_cla_l1_20210419T014959905_20210419T015007905.fits'
 'ch2_cla_l1_20210419T015007905_20210419T015015905.fits'
 'ch2_cla_l1_20210419T015015905_20210419T015023905.fits'
 'ch2_cla_l1_20210419T015023905_20210419T015031905.fits'
 'ch2_cla_l1_20210419T015031905_20210419T015039905.fits'
 'ch2_cla_l1_20210419T015039905_20210419T015047905.fits'
 'ch2_cla_l1_20210419T015047905_20210419T015055905.fits'
 'ch2_cla_l1_20210419T015055905_20210419T015103905.fits'
 'ch2_cla_l1_20210419T015103905_20210419T015111905.fits'
 'ch2_cla_l1_20210419T015111905_20210419T015119905.fits'
 'ch2_cla_l1_20210419T015119905_20210419T015127905.fits'
 'ch2_cla_l1_20210419T015127905_20210419T015135905.fits'
 'ch2_cla_l1_20210419T015135905_20210419T015143905.fits'
 'ch2_cla_l1_20210419T015143905_20210419T015151905.fits'
 'ch2_cla_l1_20210419T015151905_20210419T015159905.fits'
 'ch2_cla_l1_20210419T015159905_20210419T015207905.fits'
 'ch2_cla_l1_20210419T015207905_20210419T015215905.fits'
 'ch2_cla_l1_20210419T015215905_20210419T015223905.fits'
 'ch2_cla_l1_20210419T015223905_20210419T015231905.fits'
 'ch2_cla_l1_20210419T015231905_20210419T015239905.fits'
 'ch2_cla_l1_20210419T015239905_20210419T015247905.fits'
 'ch2_cla_l1_20210419T015247905_20210419T015255905.fits'
 'ch2_cla_l1_20210419T015255905_20210419T015303905.fits'
 'ch2_cla_l1_20210419T015303905_20210419T015311905.fits'
 'ch2_cla_l1_20210419T015311905_20210419T015319905.fits'
 'ch2_cla_l1_20210419T015319905_20210419T015327905.fits'
 'ch2_cla_l1_20210419T015327905_20210419T015335905.fits'
 'ch2_cla_l1_20210419T015335905_20210419T015343905.fits'
 'ch2_cla_l1_20210419T015343905_20210419T015351905.fits'
 'ch2_cla_l1_20210419T015351905_20210419T015359905.fits'
 'ch2_cla_l1_20210419T015359905_20210419T015407905.fits'
 'ch2_cla_l1_20210419T015407905_20210419T015415905.fits'
 'ch2_cla_l1_20210419T015415905_20210419T015423905.fits'
 'ch2_cla_l1_20210419T015423905_20210419T015431905.fits'
 'ch2_cla_l1_20210419T015431905_20210419T015439905.fits'
 'ch2_cla_l1_20210419T015439905_20210419T015447905.fits'
 'ch2_cla_l1_20210419T015447905_20210419T015455905.fits'
 'ch2_cla_l1_20210419T015455905_20210419T015503905.fits'
 'ch2_cla_l1_20210419T015503905_20210419T015511905.fits'
 'ch2_cla_l1_20210419T015511905_20210419T015519905.fits'
 'ch2_cla_l1_20210419T015519905_20210419T015527905.fits'
 'ch2_cla_l1_20210419T015527905_20210419T015535905.fits'
 'ch2_cla_l1_20210419T015535905_20210419T015543905.fits'
 'ch2_cla_l1_20210419T015543905_20210419T015551905.fits'
 'ch2_cla_l1_20210419T015551905_20210419T015559905.fits'
 'ch2_cla_l1_20210419T015559905_20210419T015607905.fits'
 'ch2_cla_l1_20210419T015607905_20210419T015615905.fits'
 'ch2_cla_l1_20210419T015615905_20210419T015623905.fits'
 'ch2_cla_l1_20210419T015623905_20210419T015631905.fits'
 'ch2_cla_l1_20210419T015631905_20210419T015639905.fits'
 'ch2_cla_l1_20210419T015639905_20210419T015647905.fits'
 'ch2_cla_l1_20210419T015647905_20210419T015655905.fits'
 'ch2_cla_l1_20210419T015655905_20210419T015703905.fits'
 'ch2_cla_l1_20210419T015703905_20210419T015711905.fits'
 'ch2_cla_l1_20210419T015711905_20210419T015719905.fits'
 'ch2_cla_l1_20210419T015719905_20210419T015727905.fits'
 'ch2_cla_l1_20210419T015727905_20210419T015735905.fits'
 'ch2_cla_l1_20210419T015735905_20210419T015743905.fits'
 'ch2_cla_l1_20210419T015743905_20210419T015751905.fits'
 'ch2_cla_l1_20210419T015751905_20210419T015759905.fits'
 'ch2_cla_l1_20210419T015759905_20210419T015807905.fits'
 'ch2_cla_l1_20210419T015807905_20210419T015815905.fits'
 'ch2_cla_l1_20210419T015815905_20210419T015823905.fits'
 'ch2_cla_l1_20210419T015823905_20210419T015831905.fits'
 'ch2_cla_l1_20210419T015831905_20210419T015839905.fits'
 'ch2_cla_l1_20210419T015839905_20210419T015847905.fits'
 'ch2_cla_l1_20210419T015847905_20210419T015855905.fits'
 'ch2_cla_l1_20210419T015855905_20210419T015903905.fits'
 'ch2_cla_l1_20210419T015903905_20210419T015911905.fits'
 'ch2_cla_l1_20210419T015911905_20210419T015919905.fits'
 'ch2_cla_l1_20210419T015919905_20210419T015927905.fits'
 'ch2_cla_l1_20210419T015927905_20210419T015935905.fits'
 'ch2_cla_l1_20210419T015935905_20210419T015943905.fits'
 'ch2_cla_l1_20210419T015943905_20210419T015951905.fits'
 'ch2_cla_l1_20210419T015951905_20210419T015959905.fits'
 'ch2_cla_l1_20210419T015959905_20210419T020007905.fits'
 'ch2_cla_l1_20210419T020007905_20210419T020015905.fits'
 'ch2_cla_l1_20210419T020015905_20210419T020023905.fits'
 'ch2_cla_l1_20210419T020023905_20210419T020031905.fits'
 'ch2_cla_l1_20210419T020031905_20210419T020039905.fits'
 'ch2_cla_l1_20210419T020039905_20210419T020047905.fits'
 'ch2_cla_l1_20210419T020047905_20210419T020055905.fits'
 'ch2_cla_l1_20210419T020055905_20210419T020103905.fits'
 'ch2_cla_l1_20210419T020103905_20210419T020111905.fits'
 'ch2_cla_l1_20210419T020111905_20210419T020119905.fits'
 'ch2_cla_l1_20210419T020119905_20210419T020127905.fits'
 'ch2_cla_l1_20210419T020127905_20210419T020135905.fits'
 'ch2_cla_l1_20210419T020135905_20210419T020143905.fits'
 'ch2_cla_l1_20210419T020143905_20210419T020151905.fits'
 'ch2_cla_l1_20210419T020151905_20210419T020159905.fits'
 'ch2_cla_l1_20210419T020159905_20210419T020207905.fits'
 'ch2_cla_l1_20210419T020207905_20210419T020215905.fits'
 'ch2_cla_l1_20210419T020215905_20210419T020223905.fits'
 'ch2_cla_l1_20210419T020223905_20210419T020231905.fits'
 'ch2_cla_l1_20210419T020231905_20210419T020239905.fits'
 'ch2_cla_l1_20210419T020239905_20210419T020247905.fits'
 'ch2_cla_l1_20210419T020247905_20210419T020255905.fits'
 'ch2_cla_l1_20210419T020255905_20210419T020303905.fits'
 'ch2_cla_l1_20210419T020303905_20210419T020311905.fits'
 'ch2_cla_l1_20210419T020311905_20210419T020319905.fits'
 'ch2_cla_l1_20210419T020319905_20210419T020327905.fits'
 'ch2_cla_l1_20210419T020327905_20210419T020335905.fits'
 'ch2_cla_l1_20210419T020335905_20210419T020343905.fits'
 'ch2_cla_l1_20210419T020343905_20210419T020351905.fits'
 'ch2_cla_l1_20210419T020351905_20210419T020359905.fits'
 'ch2_cla_l1_20210419T020359905_20210419T020407905.fits']","['ch2_cla_l1_20210418T182945255_20210418T182950663.fits'
 'ch2_cla_l1_20210418T205401040_20210418T205409040.fits'
 'ch2_cla_l1_20210418T205409040_20210418T205417040.fits'
 'ch2_cla_l1_20210418T205417040_20210418T205425040.fits'
 'ch2_cla_l1_20210418T205425040_20210418T205433040.fits'
 'ch2_cla_l1_20210418T205433040_20210418T205441040.fits'
 'ch2_cla_l1_20210418T205441040_20210418T205449040.fits'
 'ch2_cla_l1_20210418T205449040_20210418T205457040.fits'
 'ch2_cla_l1_20210418T205457040_20210418T205505040.fits'
 'ch2_cla_l1_20210418T205505040_20210418T205513040.fits'
 'ch2_cla_l1_20210418T205513040_20210418T205521040.fits'
 'ch2_cla_l1_20210418T205521040_20210418T205529040.fits'
 'ch2_cla_l1_20210418T205529040_20210418T205537040.fits'
 'ch2_cla_l1_20210418T205537040_20210418T205545040.fits'
 'ch2_cla_l1_20210418T205545040_20210418T205553040.fits'
 'ch2_cla_l1_20210418T205553040_20210418T205601040.fits'
 'ch2_cla_l1_20210418T205601040_20210418T205609040.fits'
 'ch2_cla_l1_20210418T205609040_20210418T205617040.fits'
 'ch2_cla_l1_20210418T205617040_20210418T205625040.fits'
 'ch2_cla_l1_20210418T205625040_20210418T205633040.fits'
 'ch2_cla_l1_20210418T205633040_20210418T205641040.fits'
 'ch2_cla_l1_20210418T205641040_20210418T205649040.fits'
 'ch2_cla_l1_20210418T205649040_20210418T205657040.fits'
 'ch2_cla_l1_20210418T205657040_20210418T205705040.fits'
 'ch2_cla_l1_20210418T205705040_20210418T205713040.fits'
 'ch2_cla_l1_20210418T205713040_20210418T205721040.fits'
 'ch2_cla_l1_20210418T205721040_20210418T205729040.fits'
 'ch2_cla_l1_20210418T205729040_20210418T205737040.fits'
 'ch2_cla_l1_20210418T205737040_20210418T205745040.fits'
 'ch2_cla_l1_20210418T205745040_20210418T205753040.fits'
 'ch2_cla_l1_20210418T205753040_20210418T205801040.fits'
 'ch2_cla_l1_20210418T205801040_20210418T205809040.fits'
 'ch2_cla_l1_20210418T205809040_20210418T205817040.fits'
 'ch2_cla_l1_20210418T205817040_20210418T205825040.fits'
 'ch2_cla_l1_20210418T205825040_20210418T205833040.fits'
 'ch2_cla_l1_20210418T205833040_20210418T205841040.fits'
 'ch2_cla_l1_20210418T205841040_20210418T205849040.fits'
 'ch2_cla_l1_20210418T205849040_20210418T205857040.fits'
 'ch2_cla_l1_20210418T205857040_20210418T205905040.fits'
 'ch2_cla_l1_20210418T205905040_20210418T205913040.fits'
 'ch2_cla_l1_20210418T205913040_20210418T205921040.fits'
 'ch2_cla_l1_20210418T205921040_20210418T205929040.fits'
 'ch2_cla_l1_20210418T205929040_20210418T205937040.fits'
 'ch2_cla_l1_20210418T205937040_20210418T205945040.fits'
 'ch2_cla_l1_20210418T205945040_20210418T205953040.fits'
 'ch2_cla_l1_20210418T205953040_20210418T210001040.fits'
 'ch2_cla_l1_20210418T210001040_20210418T210009040.fits'
 'ch2_cla_l1_20210418T210009040_20210418T210017040.fits'
 'ch2_cla_l1_20210418T210017040_20210418T210025040.fits'
 'ch2_cla_l1_20210418T210025040_20210418T210033040.fits'
 'ch2_cla_l1_20210418T210033040_20210418T210041040.fits'
 'ch2_cla_l1_20210418T210041040_20210418T210049040.fits'
 'ch2_cla_l1_20210418T210049040_20210418T210057040.fits'
 'ch2_cla_l1_20210418T210057040_20210418T210105040.fits'
 'ch2_cla_l1_20210418T210105040_20210418T210113040.fits'
 'ch2_cla_l1_20210418T210113040_20210418T210121040.fits'
 'ch2_cla_l1_20210418T210121040_20210418T210129040.fits'
 'ch2_cla_l1_20210418T210129040_20210418T210137040.fits'
 'ch2_cla_l1_20210418T210137040_20210418T210145040.fits'
 'ch2_cla_l1_20210418T210145040_20210418T210153040.fits'
 'ch2_cla_l1_20210418T210153040_20210418T210201040.fits'
 'ch2_cla_l1_20210418T210201040_20210418T210209040.fits'
 'ch2_cla_l1_20210418T210209040_20210418T210217040.fits'
 'ch2_cla_l1_20210418T210217040_20210418T210225040.fits'
 'ch2_cla_l1_20210418T210225040_20210418T210233040.fits'
 'ch2_cla_l1_20210418T210233040_20210418T210241040.fits'
 'ch2_cla_l1_20210418T210241040_20210418T210249040.fits'
 'ch2_cla_l1_20210418T210249040_20210418T210257040.fits'
 'ch2_cla_l1_20210418T210257040_20210418T210305040.fits'
 'ch2_cla_l1_20210418T210305040_20210418T210313040.fits'
 'ch2_cla_l1_20210418T210313040_20210418T210321040.fits'
 'ch2_cla_l1_20210418T210321040_20210418T210329040.fits'
 'ch2_cla_l1_20210418T210329040_20210418T210337040.fits'
 'ch2_cla_l1_20210418T210337040_20210418T210345040.fits'
 'ch2_cla_l1_20210418T210345040_20210418T210353040.fits'
 'ch2_cla_l1_20210418T210353040_20210418T210401040.fits'
 'ch2_cla_l1_20210418T210401040_20210418T210409040.fits'
 'ch2_cla_l1_20210418T210409040_20210418T210417040.fits'
 'ch2_cla_l1_20210418T210417040_20210418T210425040.fits'
 'ch2_cla_l1_20210418T210425040_20210418T210433040.fits'
 'ch2_cla_l1_20210418T210433040_20210418T210441040.fits'
 'ch2_cla_l1_20210418T210441040_20210418T210449040.fits'
 'ch2_cla_l1_20210418T210449040_20210418T210457040.fits'
 'ch2_cla_l1_20210418T210457040_20210418T210505040.fits'
 'ch2_cla_l1_20210418T210505040_20210418T210513040.fits'
 'ch2_cla_l1_20210418T210513040_20210418T210521040.fits'
 'ch2_cla_l1_20210418T210521040_20210418T210529040.fits'
 'ch2_cla_l1_20210418T210529040_20210418T210537040.fits'
 'ch2_cla_l1_20210418T210537040_20210418T210545040.fits'
 'ch2_cla_l1_20210418T210545040_20210418T210553040.fits'
 'ch2_cla_l1_20210418T210553040_20210418T210601040.fits'
 'ch2_cla_l1_20210418T210601040_20210418T210609040.fits'
 'ch2_cla_l1_20210418T210609040_20210418T210617040.fits'
 'ch2_cla_l1_20210418T210617040_20210418T210625040.fits'
 'ch2_cla_l1_20210418T210625040_20210418T210633040.fits'
 'ch2_cla_l1_20210418T210633040_20210418T210641040.fits'
 'ch2_cla_l1_20210418T210641040_20210418T210649040.fits'
 'ch2_cla_l1_20210418T210649040_20210418T210657040.fits'
 'ch2_cla_l1_20210418T210657040_20210418T210705040.fits'
 'ch2_cla_l1_20210418T210705040_20210418T210713040.fits'
 'ch2_cla_l1_20210418T210713040_20210418T210721040.fits'
 'ch2_cla_l1_20210418T210721040_20210418T210729040.fits'
 'ch2_cla_l1_20210418T210729040_20210418T210737040.fits'
 'ch2_cla_l1_20210418T210737040_20210418T210745040.fits'
 'ch2_cla_l1_20210418T210745040_20210418T210753040.fits'
 'ch2_cla_l1_20210418T210753040_20210418T210801040.fits'
 'ch2_cla_l1_20210418T210801040_20210418T210809040.fits'
 'ch2_cla_l1_20210418T210809040_20210418T210817040.fits'
 'ch2_cla_l1_20210418T210817040_20210418T210825040.fits'
 'ch2_cla_l1_20210418T210825040_20210418T210833040.fits'
 'ch2_cla_l1_20210418T210833040_20210418T210841040.fits'
 'ch2_cla_l1_20210418T210841040_20210418T210849040.fits'
 'ch2_cla_l1_20210418T220937040_20210418T220945040.fits'
 'ch2_cla_l1_20210418T220945040_20210418T220953040.fits'
 'ch2_cla_l1_20210418T220953040_20210418T221001040.fits'
 'ch2_cla_l1_20210418T221001040_20210418T221009040.fits'
 'ch2_cla_l1_20210418T221009040_20210418T221017040.fits'
 'ch2_cla_l1_20210418T221017040_20210418T221025040.fits'
 'ch2_cla_l1_20210418T221025040_20210418T221033040.fits'
 'ch2_cla_l1_20210418T221033040_20210418T221041040.fits'
 'ch2_cla_l1_20210418T221041040_20210418T221049040.fits'
 'ch2_cla_l1_20210418T221049040_20210418T221057040.fits'
 'ch2_cla_l1_20210418T221057040_20210418T221105040.fits'
 'ch2_cla_l1_20210418T221105040_20210418T221113040.fits'
 'ch2_cla_l1_20210418T221113040_20210418T221121040.fits'
 'ch2_cla_l1_20210418T221121040_20210418T221129040.fits'
 'ch2_cla_l1_20210418T221129040_20210418T221137040.fits'
 'ch2_cla_l1_20210418T221137040_20210418T221145040.fits'
 'ch2_cla_l1_20210418T221145040_20210418T221153040.fits'
 'ch2_cla_l1_20210418T221153040_20210418T221201040.fits'
 'ch2_cla_l1_20210418T221201040_20210418T221209040.fits'
 'ch2_cla_l1_20210418T221209040_20210418T221217040.fits'
 'ch2_cla_l1_20210418T221217040_20210418T221225040.fits'
 'ch2_cla_l1_20210418T221225040_20210418T221233040.fits'
 'ch2_cla_l1_20210418T221233040_20210418T221241040.fits'
 'ch2_cla_l1_20210418T221241040_20210418T221249040.fits'
 'ch2_cla_l1_20210418T221249040_20210418T221257040.fits'
 'ch2_cla_l1_20210418T221257040_20210418T221305040.fits'
 'ch2_cla_l1_20210418T221305040_20210418T221313040.fits'
 'ch2_cla_l1_20210418T221313040_20210418T221321040.fits'
 'ch2_cla_l1_20210418T221321040_20210418T221329040.fits'
 'ch2_cla_l1_20210418T221329040_20210418T221337040.fits'
 'ch2_cla_l1_20210418T221337040_20210418T221345040.fits'
 'ch2_cla_l1_20210418T221345040_20210418T221353040.fits'
 'ch2_cla_l1_20210418T221353040_20210418T221401040.fits'
 'ch2_cla_l1_20210418T221401040_20210418T221409040.fits'
 'ch2_cla_l1_20210418T221409040_20210418T221417040.fits'
 'ch2_cla_l1_20210418T221417040_20210418T221425040.fits'
 'ch2_cla_l1_20210418T221425040_20210418T221433040.fits'
 'ch2_cla_l1_20210418T221433040_20210418T221441040.fits'
 'ch2_cla_l1_20210418T221441040_20210418T221449040.fits'
 'ch2_cla_l1_20210418T221449040_20210418T221457040.fits'
 'ch2_cla_l1_20210418T221457040_20210418T221505040.fits'
 'ch2_cla_l1_20210418T221505040_20210418T221513040.fits'
 'ch2_cla_l1_20210418T221513040_20210418T221521040.fits'
 'ch2_cla_l1_20210418T221521040_20210418T221529040.fits'
 'ch2_cla_l1_20210418T221529040_20210418T221537040.fits'
 'ch2_cla_l1_20210418T221537040_20210418T221545040.fits'
 'ch2_cla_l1_20210418T221545040_20210418T221553040.fits'
 'ch2_cla_l1_20210418T221553040_20210418T221601040.fits'
 'ch2_cla_l1_20210418T221601040_20210418T221609040.fits'
 'ch2_cla_l1_20210418T221609040_20210418T221617040.fits'
 'ch2_cla_l1_20210418T221617040_20210418T221625040.fits'
 'ch2_cla_l1_20210418T221625040_20210418T221633040.fits'
 'ch2_cla_l1_20210418T221633040_20210418T221641040.fits'
 'ch2_cla_l1_20210418T221641040_20210418T221649040.fits'
 'ch2_cla_l1_20210418T221649040_20210418T221657040.fits'
 'ch2_cla_l1_20210418T221657040_20210418T221705040.fits'
 'ch2_cla_l1_20210418T221705040_20210418T221713040.fits'
 'ch2_cla_l1_20210418T221713040_20210418T221721040.fits'
 'ch2_cla_l1_20210418T221721040_20210418T221729040.fits'
 'ch2_cla_l1_20210418T221729040_20210418T221737040.fits'
 'ch2_cla_l1_20210418T221737040_20210418T221745040.fits'
 'ch2_cla_l1_20210418T221745040_20210418T221753040.fits'
 'ch2_cla_l1_20210418T221753040_20210418T221801040.fits'
 'ch2_cla_l1_20210418T221801040_20210418T221809040.fits'
 'ch2_cla_l1_20210418T221809040_20210418T221817040.fits'
 'ch2_cla_l1_20210418T221817040_20210418T221825040.fits'
 'ch2_cla_l1_20210418T221825040_20210418T221833040.fits'
 'ch2_cla_l1_20210418T221833040_20210418T221841040.fits'
 'ch2_cla_l1_20210418T221841040_20210418T221849040.fits'
 'ch2_cla_l1_20210418T221849040_20210418T221857040.fits'
 'ch2_cla_l1_20210418T221857040_20210418T221905040.fits'
 'ch2_cla_l1_20210418T221905040_20210418T221913040.fits'
 'ch2_cla_l1_20210418T221913040_20210418T221921040.fits'
 'ch2_cla_l1_20210418T221921040_20210418T221929040.fits'
 'ch2_cla_l1_20210418T221929040_20210418T221937040.fits'
 'ch2_cla_l1_20210418T221937040_20210418T221945040.fits'
 'ch2_cla_l1_20210418T221945040_20210418T221953040.fits'
 'ch2_cla_l1_20210418T221953040_20210418T222001040.fits'
 'ch2_cla_l1_20210418T222001040_20210418T222009040.fits'
 'ch2_cla_l1_20210418T222009040_20210418T222017040.fits'
 'ch2_cla_l1_20210418T222017040_20210418T222025040.fits'
 'ch2_cla_l1_20210418T222025040_20210418T222033040.fits'
 'ch2_cla_l1_20210418T222033040_20210418T222041040.fits'
 'ch2_cla_l1_20210418T222041040_20210418T222049040.fits'
 'ch2_cla_l1_20210418T222049040_20210418T222057040.fits'
 'ch2_cla_l1_20210418T222057040_20210418T222105040.fits'
 'ch2_cla_l1_20210418T222105040_20210418T222113040.fits'
 'ch2_cla_l1_20210418T222113040_20210418T222121040.fits'
 'ch2_cla_l1_20210418T222121040_20210418T222129040.fits'
 'ch2_cla_l1_20210418T222129040_20210418T222137040.fits'
 'ch2_cla_l1_20210418T222137040_20210418T222145040.fits'
 'ch2_cla_l1_20210418T222145040_20210418T222153040.fits'
 'ch2_cla_l1_20210418T222153040_20210418T222201040.fits'
 'ch2_cla_l1_20210418T222201040_20210418T222209040.fits'
 'ch2_cla_l1_20210418T222209040_20210418T222217040.fits'
 'ch2_cla_l1_20210418T222217040_20210418T222225040.fits'
 'ch2_cla_l1_20210418T222225040_20210418T222233040.fits'
 'ch2_cla_l1_20210418T222233040_20210418T222241040.fits'
 'ch2_cla_l1_20210418T222241040_20210418T222249040.fits'
 'ch2_cla_l1_20210418T222249040_20210418T222257040.fits'
 'ch2_cla_l1_20210418T222257040_20210418T222305040.fits'
 'ch2_cla_l1_20210418T222305040_20210418T222313040.fits'
 'ch2_cla_l1_20210418T222313040_20210418T222321040.fits'
 'ch2_cla_l1_20210418T222321040_20210418T222329040.fits'
 'ch2_cla_l1_20210418T222329040_20210418T222337040.fits'
 'ch2_cla_l1_20210418T222337040_20210418T222345040.fits'
 'ch2_cla_l1_20210418T222345040_20210418T222353040.fits'
 'ch2_cla_l1_20210418T222353040_20210418T222401040.fits'
 'ch2_cla_l1_20210418T222401040_20210418T222409040.fits'
 'ch2_cla_l1_20210418T222409040_20210418T222417040.fits'
 'ch2_cla_l1_20210418T222417040_20210418T222425040.fits'
 'ch2_cla_l1_20210418T222425040_20210418T222433040.fits'
 'ch2_cla_l1_20210418T222433040_20210418T222441040.fits'
 'ch2_cla_l1_20210418T222441040_20210418T222449040.fits'
 'ch2_cla_l1_20210418T222449040_20210418T222457040.fits'
 'ch2_cla_l1_20210419T004919905_20210419T004927905.fits'
 'ch2_cla_l1_20210419T004927905_20210419T004935905.fits'
 'ch2_cla_l1_20210419T004935905_20210419T004943905.fits'
 'ch2_cla_l1_20210419T004943905_20210419T004951905.fits'
 'ch2_cla_l1_20210419T004951905_20210419T004959905.fits'
 'ch2_cla_l1_20210419T004959905_20210419T005007905.fits'
 'ch2_cla_l1_20210419T005007905_20210419T005015905.fits'
 'ch2_cla_l1_20210419T005015905_20210419T005023905.fits'
 'ch2_cla_l1_20210419T005023905_20210419T005031905.fits'
 'ch2_cla_l1_20210419T005031905_20210419T005039905.fits'
 'ch2_cla_l1_20210419T005039905_20210419T005047905.fits'
 'ch2_cla_l1_20210419T005047905_20210419T005055905.fits'
 'ch2_cla_l1_20210419T005055905_20210419T005103905.fits'
 'ch2_cla_l1_20210419T005103905_20210419T005111905.fits'
 'ch2_cla_l1_20210419T005111905_20210419T005119905.fits'
 'ch2_cla_l1_20210419T005119905_20210419T005127905.fits'
 'ch2_cla_l1_20210419T005127905_20210419T005135905.fits'
 'ch2_cla_l1_20210419T005135905_20210419T005143905.fits'
 'ch2_cla_l1_20210419T005143905_20210419T005151905.fits'
 'ch2_cla_l1_20210419T005151905_20210419T005159905.fits'
 'ch2_cla_l1_20210419T005159905_20210419T005207905.fits'
 'ch2_cla_l1_20210419T005207905_20210419T005215905.fits'
 'ch2_cla_l1_20210419T005215905_20210419T005223905.fits'
 'ch2_cla_l1_20210419T005223905_20210419T005231905.fits'
 'ch2_cla_l1_20210419T005231905_20210419T005239905.fits'
 'ch2_cla_l1_20210419T005239905_20210419T005247905.fits'
 'ch2_cla_l1_20210419T005247905_20210419T005255905.fits'
 'ch2_cla_l1_20210419T005255905_20210419T005303905.fits'
 'ch2_cla_l1_20210419T005303905_20210419T005311905.fits'
 'ch2_cla_l1_20210419T005311905_20210419T005319905.fits'
 'ch2_cla_l1_20210419T005319905_20210419T005327905.fits'
 'ch2_cla_l1_20210419T005327905_20210419T005335905.fits'
 'ch2_cla_l1_20210419T005335905_20210419T005343905.fits'
 'ch2_cla_l1_20210419T005343905_20210419T005351905.fits'
 'ch2_cla_l1_20210419T005351905_20210419T005359905.fits'
 'ch2_cla_l1_20210419T005359905_20210419T005407905.fits'
 'ch2_cla_l1_20210419T005407905_20210419T005415905.fits'
 'ch2_cla_l1_20210419T005415905_20210419T005423905.fits'
 'ch2_cla_l1_20210419T005423905_20210419T005431905.fits'
 'ch2_cla_l1_20210419T005431905_20210419T005439905.fits'
 'ch2_cla_l1_20210419T005439905_20210419T005447905.fits'
 'ch2_cla_l1_20210419T005447905_20210419T005455905.fits'
 'ch2_cla_l1_20210419T005455905_20210419T005503905.fits'
 'ch2_cla_l1_20210419T005503905_20210419T005511905.fits'
 'ch2_cla_l1_20210419T005511905_20210419T005519905.fits'
 'ch2_cla_l1_20210419T005519905_20210419T005527905.fits'
 'ch2_cla_l1_20210419T005527905_20210419T005535905.fits'
 'ch2_cla_l1_20210419T005535905_20210419T005543905.fits'
 'ch2_cla_l1_20210419T005543905_20210419T005551905.fits'
 'ch2_cla_l1_20210419T005551905_20210419T005559905.fits'
 'ch2_cla_l1_20210419T005559905_20210419T005607905.fits'
 'ch2_cla_l1_20210419T005607905_20210419T005615905.fits'
 'ch2_cla_l1_20210419T005615905_20210419T005623905.fits'
 'ch2_cla_l1_20210419T005623905_20210419T005631905.fits'
 'ch2_cla_l1_20210419T005631905_20210419T005639905.fits'
 'ch2_cla_l1_20210419T005639905_20210419T005647905.fits'
 'ch2_cla_l1_20210419T005647905_20210419T005655905.fits'
 'ch2_cla_l1_20210419T005655905_20210419T005703905.fits'
 'ch2_cla_l1_20210419T005703905_20210419T005711905.fits'
 'ch2_cla_l1_20210419T005711905_20210419T005719905.fits'
 'ch2_cla_l1_20210419T005719905_20210419T005727905.fits'
 'ch2_cla_l1_20210419T005727905_20210419T005735905.fits'
 'ch2_cla_l1_20210419T005735905_20210419T005743905.fits'
 'ch2_cla_l1_20210419T005743905_20210419T005751905.fits'
 'ch2_cla_l1_20210419T005751905_20210419T005759905.fits'
 'ch2_cla_l1_20210419T005759905_20210419T005807905.fits'
 'ch2_cla_l1_20210419T005807905_20210419T005815905.fits'
 'ch2_cla_l1_20210419T005815905_20210419T005823905.fits'
 'ch2_cla_l1_20210419T005823905_20210419T005831905.fits'
 'ch2_cla_l1_20210419T005831905_20210419T005839905.fits'
 'ch2_cla_l1_20210419T005839905_20210419T005847905.fits'
 'ch2_cla_l1_20210419T005847905_20210419T005855905.fits'
 'ch2_cla_l1_20210419T005855905_20210419T005903905.fits'
 'ch2_cla_l1_20210419T005903905_20210419T005911905.fits'
 'ch2_cla_l1_20210419T005911905_20210419T005919905.fits'
 'ch2_cla_l1_20210419T005919905_20210419T005927905.fits'
 'ch2_cla_l1_20210419T005927905_20210419T005935905.fits'
 'ch2_cla_l1_20210419T005935905_20210419T005943905.fits'
 'ch2_cla_l1_20210419T005943905_20210419T005951905.fits'
 'ch2_cla_l1_20210419T005951905_20210419T005959905.fits'
 'ch2_cla_l1_20210419T005959905_20210419T010007905.fits'
 'ch2_cla_l1_20210419T010007905_20210419T010015905.fits'
 'ch2_cla_l1_20210419T010015905_20210419T010023905.fits'
 'ch2_cla_l1_20210419T010023905_20210419T010031905.fits'
 'ch2_cla_l1_20210419T010031905_20210419T010039905.fits'
 'ch2_cla_l1_20210419T010039905_20210419T010047905.fits'
 'ch2_cla_l1_20210419T010047905_20210419T010055905.fits'
 'ch2_cla_l1_20210419T010055905_20210419T010103905.fits'
 'ch2_cla_l1_20210419T010103905_20210419T010111905.fits'
 'ch2_cla_l1_20210419T010111905_20210419T010119905.fits'
 'ch2_cla_l1_20210419T010119905_20210419T010127905.fits'
 'ch2_cla_l1_20210419T010127905_20210419T010135905.fits'
 'ch2_cla_l1_20210419T010135905_20210419T010143905.fits'
 'ch2_cla_l1_20210419T010143905_20210419T010151905.fits'
 'ch2_cla_l1_20210419T010151905_20210419T010159905.fits'
 'ch2_cla_l1_20210419T010159905_20210419T010207905.fits'
 'ch2_cla_l1_20210419T010207905_20210419T010215905.fits'
 'ch2_cla_l1_20210419T010215905_20210419T010223905.fits'
 'ch2_cla_l1_20210419T010223905_20210419T010231905.fits'
 'ch2_cla_l1_20210419T010231905_20210419T010239905.fits'
 'ch2_cla_l1_20210419T010239905_20210419T010247905.fits'
 'ch2_cla_l1_20210419T010247905_20210419T010255905.fits'
 'ch2_cla_l1_20210419T010255905_20210419T010303905.fits'
 'ch2_cla_l1_20210419T010303905_20210419T010311905.fits'
 'ch2_cla_l1_20210419T010311905_20210419T010319905.fits'
 'ch2_cla_l1_20210419T010319905_20210419T010327905.fits'
 'ch2_cla_l1_20210419T010327905_20210419T010335905.fits'
 'ch2_cla_l1_20210419T010335905_20210419T010343905.fits'
 'ch2_cla_l1_20210419T010343905_20210419T010351905.fits'
 'ch2_cla_l1_20210419T010351905_20210419T010359905.fits'
 'ch2_cla_l1_20210419T020447905_20210419T020455905.fits'
 'ch2_cla_l1_20210419T020455905_20210419T020503905.fits'
 'ch2_cla_l1_20210419T020503905_20210419T020511905.fits'
 'ch2_cla_l1_20210419T020511905_20210419T020519905.fits'
 'ch2_cla_l1_20210419T020519905_20210419T020527905.fits'
 'ch2_cla_l1_20210419T020527905_20210419T020535905.fits'
 'ch2_cla_l1_20210419T020535905_20210419T020543905.fits'
 'ch2_cla_l1_20210419T020543905_20210419T020551905.fits'
 'ch2_cla_l1_20210419T020551905_20210419T020559905.fits'
 'ch2_cla_l1_20210419T020559905_20210419T020607905.fits'
 'ch2_cla_l1_20210419T020607905_20210419T020615905.fits'
 'ch2_cla_l1_20210419T020615905_20210419T020623905.fits'
 'ch2_cla_l1_20210419T020623905_20210419T020631905.fits'
 'ch2_cla_l1_20210419T020631905_20210419T020639905.fits'
 'ch2_cla_l1_20210419T020639905_20210419T020647905.fits'
 'ch2_cla_l1_20210419T020647905_20210419T020655905.fits'
 'ch2_cla_l1_20210419T020655905_20210419T020703905.fits'
 'ch2_cla_l1_20210419T020703905_20210419T020711905.fits'
 'ch2_cla_l1_20210419T020711905_20210419T020719905.fits'
 'ch2_cla_l1_20210419T020719905_20210419T020727905.fits'
 'ch2_cla_l1_20210419T020727905_20210419T020735905.fits'
 'ch2_cla_l1_20210419T020735905_20210419T020743905.fits'
 'ch2_cla_l1_20210419T020743905_20210419T020751905.fits'
 'ch2_cla_l1_20210419T020751905_20210419T020759905.fits'
 'ch2_cla_l1_20210419T020759905_20210419T020807905.fits'
 'ch2_cla_l1_20210419T020807905_20210419T020815905.fits'
 'ch2_cla_l1_20210419T020815905_20210419T020823905.fits'
 'ch2_cla_l1_20210419T020823905_20210419T020831905.fits'
 'ch2_cla_l1_20210419T020831905_20210419T020839905.fits'
 'ch2_cla_l1_20210419T020839905_20210419T020847905.fits'
 'ch2_cla_l1_20210419T020847905_20210419T020855905.fits'
 'ch2_cla_l1_20210419T020855905_20210419T020903905.fits'
 'ch2_cla_l1_20210419T020903905_20210419T020911905.fits'
 'ch2_cla_l1_20210419T020911905_20210419T020919905.fits'
 'ch2_cla_l1_20210419T020919905_20210419T020927905.fits'
 'ch2_cla_l1_20210419T020927905_20210419T020935905.fits'
 'ch2_cla_l1_20210419T020935905_20210419T020943905.fits'
 'ch2_cla_l1_20210419T020943905_20210419T020951905.fits'
 'ch2_cla_l1_20210419T020951905_20210419T020959905.fits'
 'ch2_cla_l1_20210419T020959905_20210419T021007905.fits'
 'ch2_cla_l1_20210419T021007905_20210419T021015905.fits'
 'ch2_cla_l1_20210419T021015905_20210419T021023905.fits'
 'ch2_cla_l1_20210419T021023905_20210419T021031905.fits'
 'ch2_cla_l1_20210419T021031905_20210419T021039905.fits'
 'ch2_cla_l1_20210419T021039905_20210419T021047905.fits'
 'ch2_cla_l1_20210419T021047905_20210419T021055905.fits'
 'ch2_cla_l1_20210419T021055905_20210419T021103905.fits'
 'ch2_cla_l1_20210419T021103905_20210419T021111905.fits'
 'ch2_cla_l1_20210419T021111905_20210419T021119905.fits'
 'ch2_cla_l1_20210419T021119905_20210419T021127905.fits'
 'ch2_cla_l1_20210419T021127905_20210419T021135905.fits'
 'ch2_cla_l1_20210419T021135905_20210419T021143905.fits'
 'ch2_cla_l1_20210419T021143905_20210419T021151905.fits'
 'ch2_cla_l1_20210419T021151905_20210419T021159905.fits'
 'ch2_cla_l1_20210419T021159905_20210419T021207905.fits'
 'ch2_cla_l1_20210419T021207905_20210419T021215905.fits'
 'ch2_cla_l1_20210419T021215905_20210419T021223905.fits'
 'ch2_cla_l1_20210419T021223905_20210419T021231905.fits'
 'ch2_cla_l1_20210419T021231905_20210419T021239905.fits'
 'ch2_cla_l1_20210419T021239905_20210419T021247905.fits'
 'ch2_cla_l1_20210419T021247905_20210419T021255905.fits'
 'ch2_cla_l1_20210419T021255905_20210419T021303905.fits'
 'ch2_cla_l1_20210419T021303905_20210419T021311905.fits'
 'ch2_cla_l1_20210419T021311905_20210419T021319905.fits'
 'ch2_cla_l1_20210419T021319905_20210419T021327905.fits'
 'ch2_cla_l1_20210419T021327905_20210419T021335905.fits'
 'ch2_cla_l1_20210419T021335905_20210419T021343905.fits'
 'ch2_cla_l1_20210419T021343905_20210419T021351905.fits'
 'ch2_cla_l1_20210419T021351905_20210419T021359905.fits'
 'ch2_cla_l1_20210419T021359905_20210419T021407905.fits'
 'ch2_cla_l1_20210419T021407905_20210419T021415905.fits'
 'ch2_cla_l1_20210419T021415905_20210419T021423905.fits'
 'ch2_cla_l1_20210419T021423905_20210419T021431905.fits'
 'ch2_cla_l1_20210419T021431905_20210419T021439905.fits'
 'ch2_cla_l1_20210419T021439905_20210419T021447905.fits'
 'ch2_cla_l1_20210419T021447905_20210419T021455905.fits'
 'ch2_cla_l1_20210419T021455905_20210419T021503905.fits'
 'ch2_cla_l1_20210419T021503905_20210419T021511905.fits'
 'ch2_cla_l1_20210419T021511905_20210419T021519905.fits'
 'ch2_cla_l1_20210419T021519905_20210419T021527905.fits'
 'ch2_cla_l1_20210419T021527905_20210419T021535905.fits'
 'ch2_cla_l1_20210419T021535905_20210419T021543905.fits'
 'ch2_cla_l1_20210419T021543905_20210419T021551905.fits'
 'ch2_cla_l1_20210419T021551905_20210419T021559905.fits'
 'ch2_cla_l1_20210419T021559905_20210419T021607905.fits'
 'ch2_cla_l1_20210419T021607905_20210419T021615905.fits'
 'ch2_cla_l1_20210419T021615905_20210419T021623905.fits'
 'ch2_cla_l1_20210419T021623905_20210419T021631905.fits'
 'ch2_cla_l1_20210419T021631905_20210419T021639905.fits'
 'ch2_cla_l1_20210419T021639905_20210419T021647905.fits'
 'ch2_cla_l1_20210419T021647905_20210419T021655905.fits'
 'ch2_cla_l1_20210419T021655905_20210419T021703905.fits'
 'ch2_cla_l1_20210419T021703905_20210419T021711905.fits'
 'ch2_cla_l1_20210419T021711905_20210419T021719905.fits'
 'ch2_cla_l1_20210419T021719905_20210419T021727905.fits'
 'ch2_cla_l1_20210419T021727905_20210419T021735905.fits'
 'ch2_cla_l1_20210419T021735905_20210419T021743905.fits'
 'ch2_cla_l1_20210419T021743905_20210419T021751905.fits'
 'ch2_cla_l1_20210419T021751905_20210419T021759905.fits'
 'ch2_cla_l1_20210419T021759905_20210419T021807905.fits'
 'ch2_cla_l1_20210419T021807905_20210419T021815905.fits'
 'ch2_cla_l1_20210419T021815905_20210419T021823905.fits'
 'ch2_cla_l1_20210419T021823905_20210419T021831905.fits'
 'ch2_cla_l1_20210419T021831905_20210419T021839905.fits'
 'ch2_cla_l1_20210419T021839905_20210419T021847905.fits'
 'ch2_cla_l1_20210419T021847905_20210419T021855905.fits'
 'ch2_cla_l1_20210419T021855905_20210419T021903905.fits'
 'ch2_cla_l1_20210419T021903905_20210419T021911905.fits'
 'ch2_cla_l1_20210419T021911905_20210419T021919905.fits'
 'ch2_cla_l1_20210419T021919905_20210419T021927905.fits'
 'ch2_cla_l1_20210419T021927905_20210419T021935905.fits'
 'ch2_cla_l1_20210419T021935905_20210419T021943905.fits'
 'ch2_cla_l1_20210419T021943905_20210419T021951905.fits'
 'ch2_cla_l1_20210419T021951905_20210419T021959905.fits'
 'ch2_cla_l1_20210419T021959905_20210419T022007905.fits'
 'ch2_cla_l1_20210419T022007905_20210419T022015905.fits']"
